1773141496.3464885: 0, 0, 0
1773141498.1485403: 1, 0, 0
1773141499.9504373: 0, 1, 0
1773141501.7524772: 0, 0, 1
1773141503.554428: 1, 1, 0
1773141505.3563745: 0, 1, 1
1773141507.1583223: 1, 0, 1
1773141508.9603617: 1, 1, 1
1773141510.7624085: 0, 0, 0
1773141512.5644617: 1, 0, 0
1773141514.3664305: 0, 1, 0
1773141516.1683562: 0, 0, 1
1773141517.9702883: 1, 1, 0
1773141519.7723618: 0, 1, 1
1773141521.5744164: 1, 0, 1
1773141523.3764737: 1, 1, 1
1773141525.1784987: 0, 0, 0
1773141526.9804342: 1, 0, 0
1773141528.7823374: 0, 1, 0
1773141530.5843515: 0, 0, 1
1773141532.3864036: 1, 1, 0
1773141534.1884305: 0, 1, 1
1773141535.990488: 1, 0, 1
1773141537.7924483: 1, 1, 1
1773141539.594385: 0, 0, 0
1773141541.3963616: 1, 0, 0
1773141543.1983614: 0, 1, 0
1773141545.000457: 0, 0, 1
1773141546.8011577: 1, 1, 0
1773141548.60313: 0, 1, 1
1773141550.4050505: 1, 0, 1
1773141552.2069757: 1, 1, 1
1773141554.0090046: 0, 0, 0
1773141555.8110588: 1, 0, 0
1773141557.6131525: 0, 1, 0
1773141559.41518: 0, 0, 1
1773141561.217124: 1, 1, 0
1773141563.019066: 0, 1, 1
1773141564.8210268: 1, 0, 1
1773141566.623071: 1, 1, 1
