Index,deltaT_us,distance_cm,timestamp_ms
9,655.0,11.23,466.0
10,625.0,10.72,519.0
11,625.0,10.72,571.0
12,655.0,11.23,622.0
13,625.0,10.72,674.0
14,625.0,10.72,727.0
15,631.0,10.82,778.0
16,625.0,10.72,830.0
17,625.0,10.72,882.0
18,631.0,10.82,933.0
19,631.0,10.82,986.0
20,625.0,10.72,1038.0
21,625.0,10.72,1090.0
22,655.0,11.23,1141.0
23,649.0,11.13,1193.0
24,649.0,11.13,1246.0
25,649.0,11.13,1298.0
26,631.0,10.82,1349.0
27,625.0,10.72,1401.0
28,625.0,10.72,1454.0
29,656.0,11.25,1505.0
30,655.0,11.23,1557.0
31,649.0,11.13,1609.0
32,649.0,11.13,1661.0
33,655.0,11.23,1713.0
34,655.0,11.23,1765.0
35,649.0,11.13,1817.0
36,649.0,11.13,1869.0
37,655.0,11.23,1921.0
38,649.0,11.13,1973.0
39,649.0,11.13,2025.0
40,649.0,11.13,2077.0
41,631.0,10.82,2128.0
42,625.0,10.72,2181.0
43,625.0,10.72,2233.0
44,625.0,10.72,2285.0
45,631.0,10.82,2336.0
46,625.0,10.72,2388.0
47,625.0,10.72,2441.0
48,631.0,10.82,2492.0
49,626.0,10.74,2544.0
50,626.0,10.74,2596.0
51,625.0,10.72,2649.0
52,631.0,10.82,2700.0
53,649.0,11.13,2752.0
54,649.0,11.13,2804.0
55,649.0,11.13,2856.0
56,655.0,11.23,2908.0
57,649.0,11.13,2960.0
58,649.0,11.13,3012.0
59,649.0,11.13,3064.0
60,655.0,11.23,3116.0
61,625.0,10.72,3168.0
62,625.0,10.72,3220.0
63,631.0,10.82,3271.0
64,656.0,11.25,3323.0
65,625.0,10.72,3376.0
66,625.0,10.72,3428.0
67,655.0,11.23,3479.0
68,625.0,10.72,3531.0
69,648.0,11.11,3584.0
70,652.0,11.18,3636.0
71,658.0,11.28,3687.0
72,625.0,10.72,3739.0
73,649.0,11.13,3791.0
74,649.0,11.13,3844.0
75,655.0,11.23,3895.0
76,649.0,11.13,3947.0
77,626.0,10.74,3999.0
78,631.0,10.82,4050.0
79,631.0,10.82,4103.0
80,625.0,10.72,4155.0
81,649.0,11.13,4207.0
82,631.0,10.82,4258.0
83,625.0,10.72,4311.0
84,625.0,10.72,4363.0
85,649.0,11.13,4415.0
86,631.0,10.82,4466.0
87,625.0,10.72,4518.0
88,625.0,10.72,4571.0
89,631.0,10.82,4622.0
90,631.0,10.82,4674.0
91,625.0,10.72,4726.0
92,624.0,10.7,4779.0
93,631.0,10.82,4830.0
94,625.0,10.72,4882.0
95,625.0,10.72,4934.0
96,626.0,10.74,4986.0
97,631.0,10.82,5038.0
98,625.0,10.72,5090.0
99,625.0,10.72,5142.0
100,631.0,10.82,5193.0
101,655.0,11.23,5245.0
102,625.0,10.72,5298.0
103,649.0,11.13,5350.0
104,630.0,10.8,5402.0
105,631.0,10.82,5453.0
106,625.0,10.72,5506.0
107,625.0,10.72,5558.0
108,625.0,10.72,5610.0
109,631.0,10.82,5661.0
110,625.0,10.72,5713.0
111,625.0,10.72,5766.0
112,624.0,10.7,5818.0
113,631.0,10.82,5869.0
114,631.0,10.82,5921.0
115,649.0,11.13,5974.0
116,649.0,11.13,6026.0
117,649.0,11.13,6078.0
118,656.0,11.25,6129.0
119,649.0,11.13,6181.0
120,649.0,11.13,6234.0
121,649.0,11.13,6286.0
122,655.0,11.23,6337.0
123,655.0,11.23,6389.0
124,649.0,11.13,6441.0
125,649.0,11.13,6494.0
126,649.0,11.13,6546.0
127,655.0,11.23,6597.0
128,655.0,11.23,6649.0
129,649.0,11.13,6702.0
130,649.0,11.13,6754.0
131,625.0,10.72,6806.0
132,631.0,10.82,6857.0
133,625.0,10.72,6909.0
134,625.0,10.72,6962.0
135,625.0,10.72,7014.0
136,631.0,10.82,7065.0
137,631.0,10.82,7117.0
138,625.0,10.72,7170.0
139,625.0,10.72,7222.0
140,631.0,10.82,7273.0
141,631.0,10.82,7325.0
142,625.0,10.72,7377.0
143,625.0,10.72,7430.0
144,631.0,10.82,7482.0
145,631.0,10.82,7533.0
146,625.0,10.72,7585.0
147,624.0,10.7,7638.0
148,625.0,10.72,7690.0
149,631.0,10.82,7741.0
150,625.0,10.72,7793.0
151,625.0,10.72,7845.0
152,649.0,11.13,7898.0
153,655.0,11.23,7949.0
154,655.0,11.23,8001.0
155,649.0,11.13,8053.0
156,649.0,11.13,8105.0
157,649.0,11.13,8158.0
158,655.0,11.23,8209.0
159,656.0,11.25,8261.0
160,649.0,11.13,8313.0
161,649.0,11.13,8366.0
162,649.0,11.13,8418.0
163,655.0,11.23,8469.0
164,649.0,11.13,8521.0
165,649.0,11.13,8573.0
166,625.0,10.72,8626.0
167,631.0,10.82,8677.0
168,631.0,10.82,8729.0
169,648.0,11.11,8781.0
170,649.0,11.13,8834.0
171,649.0,11.13,8886.0
172,655.0,11.23,8937.0
173,649.0,11.13,8989.0
174,649.0,11.13,9041.0
175,625.0,10.72,9094.0
176,631.0,10.82,9145.0
177,631.0,10.82,9197.0
178,625.0,10.72,9249.0
179,625.0,10.72,9302.0
180,629.0,10.79,9354.0
181,631.0,10.82,9405.0
182,626.0,10.74,9457.0
183,625.0,10.72,9509.0
184,625.0,10.72,9562.0
185,631.0,10.82,9613.0
186,625.0,10.72,9665.0
187,625.0,10.72,9717.0
188,649.0,11.13,9769.0
189,655.0,11.23,9821.0
190,655.0,11.23,9873.0
191,649.0,11.13,9925.0
192,649.0,11.13,9977.0
193,649.0,11.13,10030.0
194,631.0,10.82,10081.0
195,631.0,10.82,10133.0
196,625.0,10.72,10185.0
197,625.0,10.72,10237.0
198,625.0,10.72,10290.0
199,631.0,10.82,10341.0
200,631.0,10.82,10393.0
201,624.0,10.7,10445.0
202,625.0,10.72,10498.0
203,625.0,10.72,10550.0
204,631.0,10.82,10602.0
205,631.0,10.82,10653.0
206,625.0,10.72,10705.0
207,649.0,11.13,10758.0
208,649.0,11.13,10810.0
209,649.0,11.13,10862.0
210,655.0,11.23,10913.0
211,655.0,11.23,10966.0
212,649.0,11.13,11018.0
213,649.0,11.13,11070.0
214,625.0,10.72,11122.0
215,624.0,10.7,11174.0
216,631.0,10.82,11226.0
217,631.0,10.82,11278.0
218,625.0,10.72,11330.0
219,625.0,10.72,11382.0
220,625.0,10.72,11435.0
221,655.0,11.23,11486.0
222,655.0,11.23,11538.0
223,625.0,10.72,11590.0
224,649.0,11.13,11642.0
225,625.0,10.72,11695.0
226,631.0,10.82,11747.0
227,655.0,11.23,11798.0
228,649.0,11.13,11850.0
229,625.0,10.72,11902.0
230,649.0,11.13,11955.0
231,625.0,10.72,12007.0
232,631.0,10.82,12058.0
233,631.0,10.82,12110.0
234,625.0,10.72,12163.0
235,625.0,10.72,12215.0
236,625.0,10.72,12267.0
237,631.0,10.82,12318.0
238,631.0,10.82,12370.0
239,649.0,11.13,12423.0
240,625.0,10.72,12475.0
241,625.0,10.72,12527.0
242,625.0,10.72,12579.0
243,632.0,10.84,12631.0
244,631.0,10.82,12683.0
245,625.0,10.72,12735.0
246,625.0,10.72,12787.0
247,625.0,10.72,12839.0
248,631.0,10.82,12891.0
249,631.0,10.82,12943.0
250,625.0,10.72,12995.0
251,625.0,10.72,13047.0
252,625.0,10.72,13100.0
253,631.0,10.82,13151.0
254,631.0,10.82,13203.0
255,624.0,10.7,13255.0
256,625.0,10.72,13307.0
257,625.0,10.72,13360.0
258,631.0,10.82,13411.0
259,631.0,10.82,13463.0
260,625.0,10.72,13515.0
261,625.0,10.72,13568.0
262,625.0,10.72,13620.0
263,631.0,10.82,13672.0
264,631.0,10.82,13723.0
265,625.0,10.72,13775.0
266,649.0,11.13,13828.0
267,649.0,11.13,13880.0
268,649.0,11.13,13932.0
269,655.0,11.23,13983.0
270,655.0,11.23,14035.0
271,649.0,11.13,14088.0
272,650.0,11.15,14140.0
273,649.0,11.13,14192.0
274,649.0,11.13,14244.0
275,655.0,11.23,14296.0
276,655.0,11.23,14348.0
277,649.0,11.13,14400.0
278,649.0,11.13,14452.0
279,649.0,11.13,14504.0
280,649.0,11.13,14557.0
281,655.0,11.23,14608.0
282,655.0,11.23,14660.0
283,649.0,11.13,14712.0
284,625.0,10.72,14765.0
285,625.0,10.72,14817.0
286,625.0,10.72,14869.0
287,631.0,10.82,14920.0
288,655.0,11.23,14972.0
289,649.0,11.13,15025.0
290,649.0,11.13,15077.0
291,649.0,11.13,15129.0
292,655.0,11.23,15181.0
293,631.0,10.82,15233.0
294,625.0,10.72,15285.0
295,625.0,10.72,15337.0
296,625.0,10.72,15389.0
297,649.0,11.13,15441.0
298,631.0,10.82,15493.0
299,631.0,10.82,15545.0
300,625.0,10.72,15597.0
301,648.0,11.11,15649.0
302,625.0,10.72,15702.0
303,655.0,11.23,15753.0
304,655.0,11.23,15805.0
305,649.0,11.13,15857.0
306,649.0,11.13,15909.0
307,625.0,10.72,15962.0
308,649.0,11.13,16014.0
309,655.0,11.23,16065.0
310,658.0,11.28,16117.0
311,649.0,11.13,16169.0
312,625.0,10.72,16222.0
313,625.0,10.72,16274.0
314,625.0,10.72,16326.0
315,631.0,10.82,16377.0
316,631.0,10.82,16430.0
317,625.0,10.72,16482.0
318,649.0,11.13,16534.0
319,625.0,10.72,16586.0
320,631.0,10.82,16637.0
321,631.0,10.82,16690.0
322,626.0,10.74,16742.0
323,625.0,10.72,16794.0
324,625.0,10.72,16846.0
325,631.0,10.82,16898.0
326,655.0,11.23,16950.0
327,649.0,11.13,17002.0
328,649.0,11.13,17054.0
329,625.0,10.72,17106.0
330,649.0,11.13,17159.0
331,655.0,11.23,17210.0
332,631.0,10.82,17262.0
333,625.0,10.72,17314.0
334,624.0,10.7,17367.0
335,625.0,10.72,17419.0
336,631.0,10.82,17470.0
337,631.0,10.82,17522.0
338,625.0,10.72,17574.0
339,625.0,10.72,17627.0
340,624.0,10.7,17679.0
341,631.0,10.82,17730.0
342,631.0,10.82,17782.0
343,624.0,10.7,17835.0
344,625.0,10.72,17887.0
345,625.0,10.72,17939.0
346,648.0,11.11,17991.0
347,655.0,11.23,18042.0
348,654.0,11.22,18095.0
349,649.0,11.13,18147.0
350,649.0,11.13,18199.0
351,649.0,11.13,18251.0
352,625.0,10.72,18304.0
353,631.0,10.82,18355.0
354,655.0,11.23,18407.0
355,625.0,10.72,18459.0
356,651.0,11.16,18511.0
357,649.0,11.13,18564.0
358,631.0,10.82,18615.0
359,654.0,11.22,18667.0
360,649.0,11.13,18719.0
361,625.0,10.72,18771.0
362,649.0,11.13,18824.0
363,625.0,10.72,18876.0
364,658.0,11.28,18927.0
365,655.0,11.23,18979.0
366,625.0,10.72,19032.0
367,625.0,10.72,19084.0
368,649.0,11.13,19136.0
369,649.0,11.13,19188.0
370,655.0,11.23,19239.0
371,657.0,11.27,19292.0
372,625.0,10.72,19344.0
373,648.0,11.11,19396.0
374,651.0,11.16,19448.0
375,631.0,10.82,19500.0
376,631.0,10.82,19552.0
377,624.0,10.7,19604.0
378,625.0,10.72,19656.0
379,625.0,10.72,19708.0
380,625.0,10.72,19761.0
381,655.0,11.23,19812.0
382,655.0,11.23,19864.0
383,649.0,11.13,19916.0
384,649.0,11.13,19969.0
385,649.0,11.13,20021.0
386,631.0,10.82,20073.0
387,631.0,10.82,20124.0
388,625.0,10.72,20176.0
389,625.0,10.72,20229.0
390,652.0,11.18,20281.0
391,651.0,11.16,20333.0
392,655.0,11.23,20384.0
393,657.0,11.27,20436.0
394,652.0,11.18,20489.0
395,652.0,11.18,20541.0
396,652.0,11.18,20593.0
397,649.0,11.13,20645.0
398,631.0,10.82,20697.0
399,631.0,10.82,20749.0
400,625.0,10.72,20801.0
401,625.0,10.72,20853.0
402,625.0,10.72,20905.0
403,631.0,10.82,20957.0
404,631.0,10.82,21009.0
405,625.0,10.72,21061.0
406,625.0,10.72,21113.0
407,625.0,10.72,21166.0
408,631.0,10.82,21217.0
409,631.0,10.82,21269.0
410,648.0,11.11,21321.0
411,649.0,11.13,21373.0
412,649.0,11.13,21426.0
413,649.0,11.13,21478.0
414,655.0,11.23,21529.0
415,631.0,10.82,21581.0
416,649.0,11.13,21634.0
417,649.0,11.13,21686.0
418,649.0,11.13,21738.0
419,625.0,10.72,21790.0
420,655.0,11.23,21841.0
421,655.0,11.23,21894.0
422,649.0,11.13,21946.0
423,649.0,11.13,21998.0
424,649.0,11.13,22050.0
425,625.0,10.72,22103.0
426,655.0,11.23,22154.0
427,655.0,11.23,22206.0
428,649.0,11.13,22258.0
429,649.0,11.13,22310.0
430,625.0,10.72,22363.0
431,655.0,11.23,22415.0
432,631.0,10.82,22466.0
433,653.0,11.2,22518.0
434,648.0,11.11,22571.0
435,649.0,11.13,22623.0
436,625.0,10.72,22675.0
437,631.0,10.82,22726.0
438,655.0,11.23,22778.0
439,649.0,11.13,22831.0
440,625.0,10.72,22883.0
441,649.0,11.13,22935.0
442,649.0,11.13,22987.0
443,632.0,10.84,23038.0
444,631.0,10.82,23091.0
445,625.0,10.72,23143.0
446,625.0,10.72,23195.0
447,625.0,10.72,23247.0
448,631.0,10.82,23299.0
449,631.0,10.82,23351.0
450,648.0,11.11,23403.0
451,624.0,10.7,23455.0
452,625.0,10.72,23507.0
453,631.0,10.82,23560.0
454,631.0,10.82,23611.0
455,649.0,11.13,23663.0
456,649.0,11.13,23715.0
457,649.0,11.13,23768.0
458,649.0,11.13,23820.0
459,631.0,10.82,23871.0
460,631.0,10.82,23923.0
461,625.0,10.72,23975.0
462,625.0,10.72,24028.0
463,625.0,10.72,24080.0
464,631.0,10.82,24132.0
465,631.0,10.82,24183.0
466,625.0,10.72,24236.0
467,625.0,10.72,24288.0
468,625.0,10.72,24340.0
469,625.0,10.72,24392.0
470,631.0,10.82,24443.0
471,655.0,11.23,24496.0
472,649.0,11.13,24548.0
473,649.0,11.13,24600.0
474,649.0,11.13,24652.0
475,649.0,11.13,24705.0
476,655.0,11.23,24756.0
477,631.0,10.82,24808.0
478,624.0,10.7,24860.0
479,625.0,10.72,24912.0
480,625.0,10.72,24965.0
481,631.0,10.82,25016.0
482,655.0,11.23,25068.0
483,649.0,11.13,25120.0
484,625.0,10.72,25172.0
485,625.0,10.72,25225.0
486,657.0,11.27,25277.0
487,631.0,10.82,25328.0
488,625.0,10.72,25380.0
489,625.0,10.72,25433.0
490,624.0,10.7,25485.0
491,625.0,10.72,25537.0
492,655.0,11.23,25588.0
493,631.0,10.82,25640.0
494,625.0,10.72,25693.0
495,625.0,10.72,25745.0
496,624.0,10.7,25797.0
497,631.0,10.82,25848.0
498,654.0,11.22,25901.0
499,648.0,11.11,25953.0
500,625.0,10.72,26005.0
501,625.0,10.72,26057.0
502,625.0,10.72,26109.0
503,654.0,11.22,26161.0
504,655.0,11.23,26213.0
505,649.0,11.13,26265.0
506,648.0,11.11,26317.0
507,649.0,11.13,26370.0
508,655.0,11.23,26422.0
509,655.0,11.23,26473.0
510,631.0,10.82,26525.0
511,625.0,10.72,26577.0
512,625.0,10.72,26630.0
513,625.0,10.72,26682.0
514,631.0,10.82,26733.0
515,631.0,10.82,26785.0
516,624.0,10.7,26838.0
517,625.0,10.72,26890.0
518,625.0,10.72,26942.0
519,631.0,10.82,26993.0
520,631.0,10.82,27045.0
521,625.0,10.72,27098.0
522,625.0,10.72,27150.0
523,625.0,10.72,27202.0
524,631.0,10.82,27253.0
525,658.0,11.28,27305.0
526,652.0,11.18,27358.0
527,652.0,11.18,27410.0
528,625.0,10.72,27462.0
529,652.0,11.18,27514.0
530,655.0,11.23,27566.0
531,631.0,10.82,27618.0
532,649.0,11.13,27670.0
533,625.0,10.72,27722.0
534,625.0,10.72,27774.0
535,625.0,10.72,27827.0
536,655.0,11.23,27878.0
537,655.0,11.23,27930.0
538,652.0,11.18,27982.0
539,652.0,11.18,28035.0
540,652.0,11.18,28087.0
541,652.0,11.18,28139.0
542,657.0,11.27,28190.0
543,655.0,11.23,28242.0
544,652.0,11.18,28295.0
545,652.0,11.18,28347.0
546,652.0,11.18,28399.0
547,652.0,11.18,28451.0
548,658.0,11.28,28503.0
549,655.0,11.23,28555.0
550,651.0,11.16,28607.0
551,651.0,11.16,28659.0
552,652.0,11.18,28711.0
553,651.0,11.16,28764.0
554,655.0,11.23,28815.0
555,655.0,11.23,28867.0
556,625.0,10.72,28919.0
557,652.0,11.18,28972.0
558,625.0,10.72,29024.0
559,655.0,11.23,29075.0
560,655.0,11.23,29127.0
561,648.0,11.11,29179.0
562,624.0,10.7,29232.0
563,625.0,10.72,29284.0
564,625.0,10.72,29336.0
565,657.0,11.27,29387.0
566,655.0,11.23,29440.0
567,625.0,10.72,29492.0
568,625.0,10.72,29544.0
569,625.0,10.72,29596.0
570,658.0,11.28,29648.0
571,658.0,11.28,29700.0
572,658.0,11.28,29752.0
573,651.0,11.16,29804.0
574,652.0,11.18,29856.0
575,652.0,11.18,29908.0
576,654.0,11.22,29961.0
577,658.0,11.28,30012.0
578,658.0,11.28,30064.0
579,652.0,11.18,30116.0
580,652.0,11.18,30169.0
581,649.0,11.13,30221.0
582,649.0,11.13,30273.0
583,655.0,11.23,30324.0
584,655.0,11.23,30376.0
585,626.0,10.74,30429.0
586,649.0,11.13,30481.0
587,625.0,10.72,30533.0
588,631.0,10.82,30584.0
589,631.0,10.82,30637.0
590,625.0,10.72,30689.0
591,625.0,10.72,30741.0
592,625.0,10.72,30793.0
593,631.0,10.82,30845.0
594,655.0,11.23,30897.0
595,631.0,10.82,30949.0
596,625.0,10.72,31001.0
597,625.0,10.72,31053.0
598,649.0,11.13,31106.0
599,655.0,11.23,31157.0
600,631.0,10.82,31209.0
601,625.0,10.72,31261.0
602,625.0,10.72,31313.0
603,625.0,10.72,31366.0
604,631.0,10.82,31417.0
605,631.0,10.82,31469.0
606,649.0,11.13,31521.0
607,648.0,11.11,31574.0
608,625.0,10.72,31626.0
609,649.0,11.13,31678.0
610,655.0,11.23,31729.0
611,655.0,11.23,31781.0
612,649.0,11.13,31834.0
613,652.0,11.18,31886.0
614,652.0,11.18,31938.0
615,625.0,10.72,31990.0
616,631.0,10.82,32041.0
617,631.0,10.82,32094.0
618,652.0,11.18,32146.0
619,649.0,11.13,32198.0
620,649.0,11.13,32250.0
621,625.0,10.72,32303.0
622,658.0,11.28,32354.0
623,655.0,11.23,32406.0
624,625.0,10.72,32458.0
625,649.0,11.13,32510.0
626,652.0,11.18,32563.0
627,655.0,11.23,32615.0
628,658.0,11.28,32666.0
629,658.0,11.28,32718.0
630,652.0,11.18,32771.0
631,625.0,10.72,32823.0
632,651.0,11.16,32875.0
633,655.0,11.23,32927.0
634,655.0,11.23,32978.0
635,655.0,11.23,33031.0
636,649.0,11.13,33083.0
637,649.0,11.13,33135.0
638,649.0,11.13,33187.0
639,631.0,10.82,33239.0
640,631.0,10.82,33291.0
641,649.0,11.13,33343.0
642,652.0,11.18,33395.0
643,652.0,11.18,33447.0
644,651.0,11.16,33500.0
645,658.0,11.28,33551.0
646,655.0,11.23,33603.0
647,649.0,11.13,33655.0
648,649.0,11.13,33708.0
649,649.0,11.13,33760.0
650,649.0,11.13,33812.0
651,655.0,11.23,33863.0
652,658.0,11.28,33915.0
653,652.0,11.18,33968.0
654,652.0,11.18,34020.0
655,652.0,11.18,34072.0
656,649.0,11.13,34124.0
657,655.0,11.23,34176.0
658,658.0,11.28,34228.0
659,652.0,11.18,34280.0
660,652.0,11.18,34332.0
661,651.0,11.16,34384.0
662,652.0,11.18,34437.0
663,658.0,11.28,34489.0
664,655.0,11.23,34540.0
665,658.0,11.28,34592.0
666,652.0,11.18,34644.0
667,652.0,11.18,34697.0
668,651.0,11.16,34749.0
669,658.0,11.28,34801.0
670,655.0,11.23,34852.0
671,658.0,11.28,34905.0
672,652.0,11.18,34957.0
673,651.0,11.16,35009.0
674,651.0,11.16,35061.0
675,658.0,11.28,35113.0
676,658.0,11.28,35165.0
677,658.0,11.28,35217.0
678,651.0,11.16,35269.0
679,652.0,11.18,35321.0
680,652.0,11.18,35374.0
681,655.0,11.23,35426.0
682,655.0,11.23,35477.0
683,658.0,11.28,35529.0
684,649.0,11.13,35581.0
685,652.0,11.18,35634.0
686,651.0,11.16,35686.0
687,652.0,11.18,35738.0
688,658.0,11.28,35789.0
689,658.0,11.28,35842.0
690,651.0,11.16,35894.0
691,652.0,11.18,35946.0
692,652.0,11.18,35998.0
693,651.0,11.16,36050.0
694,658.0,11.28,36102.0
695,658.0,11.28,36154.0
696,652.0,11.18,36206.0
697,652.0,11.18,36258.0
698,652.0,11.18,36311.0
699,651.0,11.16,36363.0
700,657.0,11.27,36414.0
701,658.0,11.28,36466.0
702,651.0,11.16,36518.0
703,652.0,11.18,36571.0
704,652.0,11.18,36623.0
705,652.0,11.18,36675.0
706,655.0,11.23,36726.0
707,658.0,11.28,36779.0
708,652.0,11.18,36831.0
709,649.0,11.13,36883.0
710,652.0,11.18,36935.0
711,652.0,11.18,36987.0
712,658.0,11.28,37039.0
713,657.0,11.27,37091.0
714,651.0,11.16,37143.0
715,651.0,11.16,37195.0
716,651.0,11.16,37248.0
717,652.0,11.18,37300.0
718,658.0,11.28,37351.0
719,657.0,11.27,37403.0
720,652.0,11.18,37455.0
721,652.0,11.18,37508.0
722,652.0,11.18,37560.0
723,652.0,11.18,37612.0
724,658.0,11.28,37663.0
725,658.0,11.28,37715.0
726,652.0,11.18,37768.0
727,652.0,11.18,37820.0
728,652.0,11.18,37872.0
729,652.0,11.18,37924.0
730,658.0,11.28,37976.0
731,658.0,11.28,38028.0
732,652.0,11.18,38080.0
733,651.0,11.16,38132.0
734,651.0,11.16,38184.0
735,651.0,11.16,38237.0
736,657.0,11.27,38288.0
737,658.0,11.28,38340.0
738,652.0,11.18,38392.0
739,652.0,11.18,38445.0
740,652.0,11.18,38497.0
741,652.0,11.18,38549.0
742,657.0,11.27,38600.0
743,658.0,11.28,38652.0
744,652.0,11.18,38705.0
745,651.0,11.16,38757.0
746,652.0,11.18,38809.0
747,651.0,11.16,38861.0
748,658.0,11.28,38913.0
749,658.0,11.28,38965.0
750,651.0,11.16,39017.0
751,652.0,11.18,39069.0
752,627.0,10.75,39121.0
753,651.0,11.16,39174.0
754,657.0,11.27,39225.0
755,657.0,11.27,39277.0
756,652.0,11.18,39329.0
757,651.0,11.16,39382.0
758,651.0,11.16,39434.0
759,652.0,11.18,39486.0
760,658.0,11.28,39537.0
761,658.0,11.28,39589.0
762,652.0,11.18,39642.0
763,652.0,11.18,39694.0
764,651.0,11.16,39746.0
765,652.0,11.18,39798.0
766,658.0,11.28,39849.0
767,658.0,11.28,39902.0
768,651.0,11.16,39954.0
769,651.0,11.16,40006.0
770,652.0,11.18,40058.0
771,651.0,11.16,40111.0
772,682.0,11.7,40163.0
773,658.0,11.28,40214.0
774,658.0,11.28,40266.0
775,652.0,11.18,40318.0
776,652.0,11.18,40371.0
777,651.0,11.16,40423.0
778,652.0,11.18,40475.0
779,658.0,11.28,40526.0
780,634.0,10.87,40579.0
781,652.0,11.18,40631.0
782,651.0,11.16,40683.0
783,652.0,11.18,40735.0
784,633.0,10.86,40787.0
785,657.0,11.27,40839.0
786,654.0,11.22,40891.0
787,652.0,11.18,40943.0
788,652.0,11.18,40995.0
789,652.0,11.18,41048.0
790,658.0,11.28,41100.0
791,658.0,11.28,41151.0
792,658.0,11.28,41203.0
793,652.0,11.18,41255.0
794,652.0,11.18,41308.0
795,652.0,11.18,41360.0
796,651.0,11.16,41412.0
797,658.0,11.28,41463.0
798,658.0,11.28,41516.0
799,651.0,11.16,41568.0
800,652.0,11.18,41620.0
801,651.0,11.16,41672.0
802,652.0,11.18,41724.0
803,657.0,11.27,41776.0
804,658.0,11.28,41828.0
805,652.0,11.18,41880.0
806,652.0,11.18,41932.0
807,652.0,11.18,41985.0
808,652.0,11.18,42037.0
809,633.0,10.86,42088.0
810,657.0,11.27,42140.0
811,651.0,11.16,42192.0
812,652.0,11.18,42245.0
813,652.0,11.18,42297.0
814,658.0,11.28,42349.0
815,658.0,11.28,42400.0
816,633.0,10.86,42452.0
817,628.0,10.77,42505.0
818,652.0,11.18,42557.0
819,652.0,11.18,42609.0
820,658.0,11.28,42660.0
821,658.0,11.28,42713.0
822,627.0,10.75,42765.0
823,628.0,10.77,42817.0
824,628.0,10.77,42869.0
825,652.0,11.18,42921.0
826,634.0,10.87,42973.0
827,633.0,10.86,43025.0
828,652.0,11.18,43077.0
829,652.0,11.18,43129.0
830,652.0,11.18,43182.0
831,652.0,11.18,43234.0
832,658.0,11.28,43285.0
833,658.0,11.28,43337.0
834,652.0,11.18,43389.0
835,652.0,11.18,43442.0
836,652.0,11.18,43494.0
837,652.0,11.18,43546.0
838,658.0,11.28,43597.0
839,658.0,11.28,43650.0
840,627.0,10.75,43702.0
841,651.0,11.16,43754.0
842,627.0,10.75,43806.0
843,658.0,11.28,43857.0
844,658.0,11.28,43910.0
845,627.0,10.75,43962.0
846,628.0,10.77,44014.0
847,652.0,11.18,44066.0
848,627.0,10.75,44119.0
849,657.0,11.27,44170.0
850,658.0,11.28,44222.0
851,652.0,11.18,44274.0
852,652.0,11.18,44326.0
853,652.0,11.18,44379.0
854,651.0,11.16,44431.0
855,658.0,11.28,44482.0
856,657.0,11.27,44534.0
857,651.0,11.16,44587.0
858,652.0,11.18,44639.0
859,628.0,10.77,44691.0
860,627.0,10.75,44743.0
861,657.0,11.27,44794.0
862,633.0,10.86,44847.0
863,652.0,11.18,44899.0
864,628.0,10.77,44951.0
865,652.0,11.18,45003.0
866,658.0,11.28,45056.0
867,658.0,11.28,45107.0
868,657.0,11.27,45159.0
869,652.0,11.18,45211.0
870,652.0,11.18,45263.0
871,652.0,11.18,45316.0
872,657.0,11.27,45368.0
873,658.0,11.28,45419.0
874,658.0,11.28,45471.0
875,652.0,11.18,45523.0
876,651.0,11.16,45576.0
877,651.0,11.16,45628.0
878,652.0,11.18,45680.0
879,658.0,11.28,45731.0
880,657.0,11.27,45784.0
881,652.0,11.18,45836.0
882,651.0,11.16,45888.0
883,651.0,11.16,45940.0
884,651.0,11.16,45992.0
885,657.0,11.27,46044.0
886,657.0,11.27,46096.0
887,651.0,11.16,46148.0
888,652.0,11.18,46200.0
889,652.0,11.18,46253.0
890,633.0,10.86,46305.0
891,633.0,10.86,46356.0
892,630.0,10.8,46408.0
893,652.0,11.18,46460.0
894,651.0,11.16,46513.0
895,627.0,10.75,46565.0
896,658.0,11.28,46616.0
897,657.0,11.27,46668.0
898,652.0,11.18,46721.0
899,651.0,11.16,46773.0
900,652.0,11.18,46825.0
901,651.0,11.16,46877.0
902,658.0,11.28,46928.0
903,658.0,11.28,46981.0
904,651.0,11.16,47033.0
905,652.0,11.18,47085.0
906,651.0,11.16,47137.0
907,652.0,11.18,47190.0
908,658.0,11.28,47241.0
909,657.0,11.27,47293.0
910,652.0,11.18,47345.0
911,651.0,11.16,47397.0
912,652.0,11.18,47450.0
913,627.0,10.75,47502.0
914,658.0,11.28,47553.0
915,657.0,11.27,47605.0
916,651.0,11.16,47657.0
917,651.0,11.16,47710.0
918,652.0,11.18,47762.0
919,652.0,11.18,47814.0
920,658.0,11.28,47865.0
921,658.0,11.28,47918.0
922,627.0,10.75,47970.0
923,627.0,10.75,48022.0
924,651.0,11.16,48074.0
925,651.0,11.16,48126.0
926,633.0,10.86,48178.0
927,633.0,10.86,48230.0
928,627.0,10.75,48282.0
929,651.0,11.16,48334.0
930,627.0,10.75,48387.0
931,657.0,11.27,48439.0
932,657.0,11.27,48490.0
933,658.0,11.28,48542.0
934,652.0,11.18,48594.0
935,652.0,11.18,48647.0
936,652.0,11.18,48699.0
937,657.0,11.27,48751.0
938,658.0,11.28,48802.0
939,658.0,11.28,48855.0
940,651.0,11.16,48907.0
941,651.0,11.16,48959.0
942,652.0,11.18,49011.0
943,656.0,11.25,49063.0
944,657.0,11.27,49115.0
945,657.0,11.27,49167.0
946,651.0,11.16,49219.0
947,651.0,11.16,49271.0
948,651.0,11.16,49324.0
949,649.0,11.13,49376.0
950,657.0,11.27,49427.0
951,658.0,11.28,49479.0
952,651.0,11.16,49531.0
953,651.0,11.16,49584.0
954,651.0,11.16,49636.0
955,651.0,11.16,49688.0
956,658.0,11.28,49739.0
957,657.0,11.27,49792.0
958,652.0,11.18,49844.0
959,652.0,11.18,49896.0
960,652.0,11.18,49948.0
961,652.0,11.18,50000.0
962,658.0,11.28,50052.0
963,658.0,11.28,50104.0
964,651.0,11.16,50156.0
965,651.0,11.16,50208.0
966,651.0,11.16,50260.0
967,652.0,11.18,50313.0
968,658.0,11.28,50364.0
969,657.0,11.27,50416.0
970,652.0,11.18,50468.0
971,652.0,11.18,50521.0
972,652.0,11.18,50573.0
973,652.0,11.18,50625.0
974,658.0,11.28,50676.0
975,658.0,11.28,50728.0
976,652.0,11.18,50781.0
977,627.0,10.75,50833.0
978,627.0,10.75,50885.0
979,658.0,11.28,50937.0
980,657.0,11.27,50989.0
981,657.0,11.27,51041.0
982,652.0,11.18,51093.0
983,651.0,11.16,51145.0
984,652.0,11.18,51197.0
985,654.0,11.22,51250.0
986,658.0,11.28,51301.0
987,658.0,11.28,51353.0
988,652.0,11.18,51405.0
989,651.0,11.16,51458.0
990,652.0,11.18,51510.0
991,652.0,11.18,51562.0
992,657.0,11.27,51613.0
993,633.0,10.86,51665.0
994,651.0,11.16,51718.0
995,627.0,10.75,51770.0
996,651.0,11.16,51822.0
997,658.0,11.28,51873.0
998,657.0,11.27,51926.0
999,627.0,10.75,51978.0
1000,627.0,10.75,52030.0
1001,628.0,10.77,52082.0
1002,651.0,11.16,52134.0
1003,633.0,10.86,52187.0
1004,633.0,10.86,52238.0
1005,633.0,10.86,52290.0
1006,627.0,10.75,52342.0
1007,627.0,10.75,52395.0
1008,627.0,10.75,52447.0
1009,627.0,10.75,52499.0
1010,633.0,10.86,52551.0
1011,633.0,10.86,52602.0
1012,633.0,10.86,52655.0
1013,651.0,11.16,52707.0
1014,652.0,11.18,52759.0
1015,651.0,11.16,52811.0
1016,627.0,10.75,52864.0
1017,652.0,11.18,52916.0
1018,658.0,11.28,52967.0
1019,658.0,11.28,53019.0
1020,658.0,11.28,53071.0
1021,651.0,11.16,53124.0
1022,627.0,10.75,53176.0
1023,627.0,10.75,53228.0
1024,652.0,11.18,53280.0
1025,652.0,11.18,53332.0
1026,657.0,11.27,53384.0
1027,658.0,11.28,53436.0
1028,652.0,11.18,53488.0
1029,651.0,11.16,53540.0
1030,651.0,11.16,53593.0
1031,651.0,11.16,53645.0
1032,652.0,11.18,53697.0
1033,652.0,11.18,53749.0
1034,657.0,11.27,53800.0
1035,657.0,11.27,53853.0
1036,633.0,10.86,53905.0
1037,651.0,11.16,53957.0
1038,651.0,11.16,54009.0
1039,651.0,11.16,54062.0
1040,627.0,10.75,54114.0
1041,651.0,11.16,54166.0
1042,633.0,10.86,54217.0
1043,633.0,10.86,54269.0
1044,627.0,10.75,54322.0
1045,652.0,11.18,54374.0
1046,651.0,11.16,54426.0
1047,651.0,11.16,54478.0
1048,651.0,11.16,54531.0
1049,658.0,11.28,54582.0
1050,658.0,11.28,54634.0
1051,658.0,11.28,54686.0
1052,651.0,11.16,54738.0
1053,651.0,11.16,54791.0
1054,652.0,11.18,54843.0
1055,651.0,11.16,54895.0
1056,651.0,11.16,54947.0
1057,633.0,10.86,54999.0
1058,634.0,10.87,55051.0
1059,658.0,11.28,55103.0
1060,627.0,10.75,55155.0
1061,652.0,11.18,55207.0
1062,651.0,11.16,55260.0
1063,652.0,11.18,55312.0
1064,627.0,10.75,55364.0
1065,633.0,10.86,55415.0
1066,634.0,10.87,55468.0
1067,627.0,10.75,55520.0
1068,652.0,11.18,55572.0
1069,627.0,10.75,55624.0
1070,651.0,11.16,55676.0
1071,628.0,10.77,55729.0
1072,633.0,10.86,55780.0
1073,633.0,10.86,55832.0
1074,627.0,10.75,55884.0
1075,627.0,10.75,55937.0
1076,628.0,10.77,55989.0
1077,627.0,10.75,56041.0
1078,651.0,11.16,56093.0
1079,633.0,10.86,56144.0
1080,633.0,10.86,56197.0
1081,628.0,10.77,56249.0
1082,652.0,11.18,56301.0
1083,651.0,11.16,56353.0
1084,651.0,11.16,56406.0
1085,651.0,11.16,56458.0
1086,657.0,11.27,56510.0
1087,633.0,10.86,56561.0
1088,633.0,10.86,56613.0
1089,651.0,11.16,56666.0
1090,651.0,11.16,56718.0
1091,627.0,10.75,56770.0
1092,652.0,11.18,56822.0
1093,652.0,11.18,56875.0
1094,657.0,11.27,56926.0
1095,633.0,10.86,56978.0
1096,634.0,10.87,57030.0
1097,652.0,11.18,57082.0
1098,627.0,10.75,57135.0
1099,627.0,10.75,57187.0
1100,651.0,11.16,57239.0
1101,634.0,10.87,57290.0
1102,658.0,11.28,57342.0
1103,658.0,11.28,57395.0
1104,628.0,10.77,57447.0
1105,627.0,10.75,57499.0
1106,652.0,11.18,57551.0
1107,627.0,10.75,57604.0
1108,627.0,10.75,57656.0
1109,634.0,10.87,57707.0
1110,633.0,10.86,57759.0
1111,627.0,10.75,57811.0
1112,627.0,10.75,57864.0
1113,627.0,10.75,57916.0
1114,628.0,10.77,57968.0
1115,628.0,10.77,58020.0
1116,657.0,11.27,58072.0
1117,658.0,11.28,58124.0
1118,627.0,10.75,58176.0
1119,627.0,10.75,58228.0
1120,627.0,10.75,58280.0
1121,627.0,10.75,58333.0
1122,627.0,10.75,58385.0
1123,658.0,11.28,58436.0
1124,658.0,11.28,58488.0
1125,633.0,10.86,58541.0
1126,651.0,11.16,58593.0
1127,651.0,11.16,58645.0
1128,627.0,10.75,58697.0
1129,627.0,10.75,58749.0
1130,634.0,10.87,58801.0
1131,657.0,11.27,58853.0
1132,658.0,11.28,58905.0
1133,627.0,10.75,58957.0
1134,627.0,10.75,59010.0
1135,627.0,10.75,59062.0
1136,627.0,10.75,59114.0
1137,627.0,10.75,59166.0
1138,657.0,11.27,59217.0
1139,658.0,11.28,59270.0
1140,651.0,11.16,59322.0
1141,652.0,11.18,59374.0
1142,627.0,10.75,59426.0
1143,651.0,11.16,59479.0
1144,627.0,10.75,59531.0
1145,657.0,11.27,59583.0
1146,657.0,11.27,59634.0
1147,634.0,10.87,59686.0
1148,628.0,10.77,59739.0
1149,627.0,10.75,59791.0
1150,652.0,11.18,59843.0
1151,651.0,11.16,59895.0
1152,651.0,11.16,59948.0
1153,658.0,11.28,59999.0
1154,657.0,11.27,60051.0
1155,657.0,11.27,60103.0
1156,652.0,11.18,60155.0
1157,651.0,11.16,60208.0
1158,651.0,11.16,60260.0
1159,651.0,11.16,60312.0
1160,652.0,11.18,60364.0
1161,658.0,11.28,60416.0
1162,658.0,11.28,60468.0
1163,658.0,11.28,60520.0
1164,651.0,11.16,60572.0
1165,651.0,11.16,60624.0
1166,651.0,11.16,60677.0
1167,651.0,11.16,60729.0
1168,651.0,11.16,60781.0
1169,657.0,11.27,60833.0
1170,657.0,11.27,60884.0
1171,657.0,11.27,60937.0
1172,628.0,10.77,60989.0
1173,651.0,11.16,61041.0
1174,627.0,10.75,61093.0
1175,627.0,10.75,61146.0
1176,627.0,10.75,61198.0
1177,634.0,10.87,61249.0
1178,634.0,10.87,61301.0
1179,627.0,10.75,61353.0
1180,651.0,11.16,61406.0
1181,651.0,11.16,61458.0
1182,627.0,10.75,61510.0
1183,652.0,11.18,61562.0
1184,657.0,11.27,61615.0
1185,658.0,11.28,61666.0
1186,633.0,10.86,61718.0
1187,651.0,11.16,61770.0
1188,627.0,10.75,61822.0
1189,627.0,10.75,61875.0
1190,628.0,10.77,61927.0
1191,651.0,11.16,61979.0
1192,633.0,10.86,62030.0
1193,633.0,10.86,62083.0
1194,651.0,11.16,62135.0
1195,627.0,10.75,62187.0
1196,627.0,10.75,62239.0
1197,652.0,11.18,62291.0
1198,652.0,11.18,62344.0
1199,633.0,10.86,62395.0
1200,634.0,10.87,62447.0
1201,633.0,10.86,62499.0
1202,628.0,10.77,62552.0
1203,651.0,11.16,62604.0
1204,651.0,11.16,62656.0
1205,652.0,11.18,62708.0
1206,652.0,11.18,62760.0
1207,634.0,10.87,62812.0
1208,634.0,10.87,62864.0
1209,627.0,10.75,62916.0
1210,627.0,10.75,62968.0
1211,627.0,10.75,63021.0
1212,627.0,10.75,63073.0
1213,628.0,10.77,63125.0
1214,657.0,11.27,63176.0
1215,658.0,11.28,63228.0
1216,627.0,10.75,63281.0
1217,627.0,10.75,63333.0
1218,627.0,10.75,63385.0
1219,651.0,11.16,63437.0
1220,627.0,10.75,63490.0
1221,634.0,10.87,63541.0
1222,634.0,10.87,63593.0
1223,652.0,11.18,63645.0
1224,652.0,11.18,63697.0
1225,651.0,11.16,63750.0
1226,627.0,10.75,63802.0
1227,627.0,10.75,63854.0
1228,657.0,11.27,63906.0
1229,634.0,10.87,63958.0
1230,657.0,11.27,64010.0
1231,651.0,11.16,64062.0
1232,651.0,11.16,64114.0
1233,651.0,11.16,64166.0
1234,651.0,11.16,64219.0
1235,651.0,11.16,64271.0
1236,656.0,11.25,64323.0
1237,657.0,11.27,64374.0
1238,658.0,11.28,64427.0
1239,651.0,11.16,64479.0
1240,652.0,11.18,64531.0
1241,651.0,11.16,64583.0
1242,651.0,11.16,64635.0
1243,627.0,10.75,64688.0
1244,658.0,11.28,64740.0
1245,633.0,10.86,64791.0
1246,633.0,10.86,64843.0
1247,627.0,10.75,64896.0
1248,651.0,11.16,64948.0
1249,627.0,10.75,65000.0
1250,627.0,10.75,65052.0
1251,630.0,10.8,65104.0
1252,657.0,11.27,65156.0
1253,633.0,10.86,65208.0
1254,628.0,10.77,65260.0
1255,627.0,10.75,65312.0
1256,651.0,11.16,65364.0
1257,627.0,10.75,65417.0
1258,652.0,11.18,65469.0
1259,633.0,10.86,65520.0
1260,633.0,10.86,65572.0
1261,627.0,10.75,65625.0
1262,627.0,10.75,65677.0
1263,628.0,10.77,65729.0
1264,627.0,10.75,65781.0
1265,628.0,10.77,65833.0
1266,633.0,10.86,65885.0
1267,633.0,10.86,65937.0
1268,652.0,11.18,65989.0
1269,627.0,10.75,66041.0
1270,652.0,11.18,66094.0
1271,627.0,10.75,66146.0
1272,627.0,10.75,66198.0
1273,633.0,10.86,66249.0
1274,633.0,10.86,66301.0
1275,652.0,11.18,66354.0
1276,651.0,11.16,66406.0
1277,651.0,11.16,66458.0
1278,651.0,11.16,66510.0
1279,627.0,10.75,66563.0
1280,652.0,11.18,66615.0
1281,657.0,11.27,66666.0
1282,657.0,11.27,66718.0
1283,627.0,10.75,66770.0
1284,627.0,10.75,66823.0
1285,627.0,10.75,66875.0
1286,627.0,10.75,66927.0
1287,628.0,10.77,66979.0
1288,633.0,10.86,67031.0
1289,634.0,10.87,67083.0
1290,627.0,10.75,67135.0
1291,627.0,10.75,67187.0
1292,651.0,11.16,67239.0
1293,627.0,10.75,67292.0
1294,627.0,10.75,67344.0
1295,634.0,10.87,67395.0
1296,658.0,11.28,67447.0
1297,651.0,11.16,67500.0
1298,651.0,11.16,67552.0
1299,651.0,11.16,67604.0
1300,627.0,10.75,67656.0
1301,627.0,10.75,67708.0
1302,633.0,10.86,67760.0
1303,633.0,10.86,67812.0
1304,633.0,10.86,67864.0
1305,627.0,10.75,67916.0
1306,652.0,11.18,67969.0
1307,651.0,11.16,68021.0
1308,627.0,10.75,68073.0
1309,657.0,11.27,68125.0
1310,634.0,10.87,68176.0
1311,657.0,11.27,68229.0
1312,652.0,11.18,68281.0
1313,651.0,11.16,68333.0
1314,651.0,11.16,68385.0
1315,651.0,11.16,68438.0
1316,651.0,11.16,68490.0
1317,657.0,11.27,68542.0
1318,657.0,11.27,68593.0
1319,658.0,11.28,68645.0
1320,651.0,11.16,68698.0
1321,652.0,11.18,68750.0
1322,651.0,11.16,68802.0
1323,651.0,11.16,68854.0
1324,651.0,11.16,68907.0
1325,651.0,11.16,68959.0
1326,657.0,11.27,69010.0
1327,657.0,11.27,69062.0
1328,651.0,11.16,69114.0
1329,651.0,11.16,69167.0
1330,652.0,11.18,69219.0
1331,652.0,11.18,69271.0
1332,649.0,11.13,69323.0
1333,651.0,11.16,69376.0
1334,658.0,11.28,69427.0
1335,657.0,11.27,69479.0
1336,633.0,10.86,69531.0
1337,627.0,10.75,69583.0
1338,627.0,10.75,69636.0
1339,652.0,11.18,69688.0
1340,627.0,10.75,69740.0
1341,658.0,11.28,69791.0
1342,633.0,10.86,69843.0
1343,657.0,11.27,69896.0
1344,651.0,11.16,69948.0
1345,651.0,11.16,70000.0
1346,651.0,11.16,70052.0
1347,652.0,11.18,70105.0
1348,652.0,11.18,70157.0
1349,658.0,11.28,70208.0
1350,658.0,11.28,70260.0
1351,657.0,11.27,70312.0
1352,627.0,10.75,70365.0
1353,627.0,10.75,70417.0
1354,627.0,10.75,70469.0
1355,628.0,10.77,70521.0
1356,633.0,10.86,70574.0
1357,657.0,11.27,70625.0
1358,633.0,10.86,70677.0
1359,627.0,10.75,70729.0
1360,651.0,11.16,70781.0
1361,627.0,10.75,70834.0
1362,627.0,10.75,70886.0
1363,652.0,11.18,70938.0
1364,633.0,10.86,70989.0
1365,633.0,10.86,71042.0
1366,652.0,11.18,71094.0
1367,627.0,10.75,71146.0
1368,651.0,11.16,71198.0
1369,652.0,11.18,71250.0
1370,627.0,10.75,71303.0
1371,633.0,10.86,71354.0
1372,633.0,10.86,71406.0
1373,657.0,11.27,71458.0
1374,651.0,11.16,71511.0
1375,651.0,11.16,71563.0
1376,627.0,10.75,71615.0
1377,627.0,10.75,71667.0
1378,629.0,10.79,71719.0
1379,633.0,10.86,71771.0
1380,657.0,11.27,71823.0
1381,627.0,10.75,71875.0
1382,627.0,10.75,71927.0
1383,627.0,10.75,71980.0
1384,627.0,10.75,72032.0
1385,632.0,10.84,72084.0
1386,633.0,10.86,72135.0
1387,633.0,10.86,72187.0
1388,628.0,10.77,72240.0
1389,652.0,11.18,72292.0
1390,627.0,10.75,72344.0
1391,627.0,10.75,72396.0
1392,629.0,10.79,72449.0
1393,633.0,10.86,72500.0
1394,633.0,10.86,72552.0
1395,627.0,10.75,72604.0
1396,627.0,10.75,72656.0
1397,627.0,10.75,72709.0
1398,627.0,10.75,72761.0
1399,633.0,10.86,72813.0
1400,633.0,10.86,72864.0
1401,634.0,10.87,72916.0
1402,627.0,10.75,72969.0
1403,627.0,10.75,73021.0
1404,627.0,10.75,73073.0
1405,627.0,10.75,73125.0
1406,633.0,10.86,73177.0
1407,634.0,10.87,73229.0
1408,633.0,10.86,73281.0
1409,627.0,10.75,73333.0
1410,651.0,11.16,73385.0
1411,651.0,11.16,73438.0
1412,627.0,10.75,73490.0
1413,633.0,10.86,73542.0
1414,633.0,10.86,73593.0
1415,633.0,10.86,73646.0
1416,627.0,10.75,73698.0
1417,627.0,10.75,73750.0
1418,627.0,10.75,73802.0
1419,627.0,10.75,73854.0
1420,633.0,10.86,73907.0
1421,633.0,10.86,73958.0
1422,633.0,10.86,74010.0
1423,627.0,10.75,74062.0
1424,627.0,10.75,74115.0
1425,627.0,10.75,74167.0
1426,627.0,10.75,74219.0
1427,633.0,10.86,74270.0
1428,633.0,10.86,74322.0
1429,633.0,10.86,74375.0
1430,627.0,10.75,74427.0
1431,627.0,10.75,74479.0
1432,627.0,10.75,74531.0
1433,627.0,10.75,74584.0
1434,633.0,10.86,74635.0
1435,633.0,10.86,74687.0
1436,633.0,10.86,74739.0
1437,627.0,10.75,74791.0
1438,627.0,10.75,74844.0
1439,627.0,10.75,74896.0
1440,627.0,10.75,74948.0
1441,633.0,10.86,74999.0
1442,657.0,11.27,75052.0
1443,633.0,10.86,75104.0
1444,651.0,11.16,75156.0
1445,628.0,10.77,75208.0
1446,627.0,10.75,75260.0
1447,628.0,10.77,75313.0
1448,633.0,10.86,75364.0
1449,633.0,10.86,75416.0
1450,633.0,10.86,75468.0
1451,627.0,10.75,75521.0
1452,627.0,10.75,75573.0
1453,652.0,11.18,75625.0
1454,627.0,10.75,75677.0
1455,633.0,10.86,75728.0
1456,633.0,10.86,75781.0
1457,633.0,10.86,75833.0
1458,627.0,10.75,75885.0
1459,628.0,10.77,75937.0
1460,626.0,10.74,75990.0
1461,627.0,10.75,76042.0
1462,658.0,11.28,76093.0
1463,633.0,10.86,76145.0
1464,633.0,10.86,76197.0
1465,652.0,11.18,76250.0
1466,627.0,10.75,76302.0
1467,627.0,10.75,76354.0
1468,651.0,11.16,76406.0
1469,651.0,11.16,76459.0
1470,633.0,10.86,76510.0
1471,633.0,10.86,76562.0
1472,651.0,11.16,76614.0
1473,627.0,10.75,76666.0
1474,628.0,10.77,76719.0
1475,627.0,10.75,76771.0
1476,628.0,10.77,76823.0
1477,634.0,10.87,76874.0
1478,634.0,10.87,76926.0
1479,627.0,10.75,76979.0
1480,627.0,10.75,77031.0
1481,627.0,10.75,77083.0
1482,627.0,10.75,77135.0
1483,627.0,10.75,77188.0
1484,633.0,10.86,77239.0
1485,633.0,10.86,77291.0
1486,627.0,10.75,77343.0
1487,627.0,10.75,77395.0
1488,652.0,11.18,77448.0
1489,627.0,10.75,77500.0
1490,629.0,10.79,77552.0
1491,658.0,11.28,77603.0
1492,633.0,10.86,77656.0
1493,628.0,10.77,77708.0
1494,627.0,10.75,77760.0
1495,627.0,10.75,77812.0
1496,627.0,10.75,77864.0
1497,627.0,10.75,77917.0
1498,633.0,10.86,77968.0
1499,633.0,10.86,78020.0
1500,627.0,10.75,78072.0
1501,627.0,10.75,78125.0
1502,627.0,10.75,78177.0
1503,627.0,10.75,78229.0
1504,633.0,10.86,78281.0
1505,633.0,10.86,78332.0
1506,633.0,10.86,78385.0
1507,627.0,10.75,78437.0
1508,627.0,10.75,78489.0
1509,652.0,11.18,78541.0
1510,627.0,10.75,78594.0
1511,633.0,10.86,78646.0
1512,658.0,11.28,78697.0
1513,633.0,10.86,78749.0
1514,627.0,10.75,78801.0
1515,627.0,10.75,78854.0
1516,627.0,10.75,78906.0
1517,627.0,10.75,78958.0
1518,633.0,10.86,79010.0
1519,633.0,10.86,79062.0
1520,633.0,10.86,79114.0
1521,627.0,10.75,79166.0
1522,628.0,10.77,79218.0
1523,627.0,10.75,79270.0
1524,627.0,10.75,79323.0
1525,633.0,10.86,79375.0
1526,633.0,10.86,79426.0
1527,634.0,10.87,79478.0
1528,627.0,10.75,79531.0
1529,627.0,10.75,79583.0
1530,627.0,10.75,79635.0
1531,627.0,10.75,79687.0
1532,657.0,11.27,79739.0
1533,657.0,11.27,79791.0
1534,657.0,11.27,79843.0
1535,627.0,10.75,79895.0
1536,652.0,11.18,79947.0
1537,627.0,10.75,80000.0
1538,627.0,10.75,80052.0
1539,627.0,10.75,80104.0
1540,658.0,11.28,80155.0
1541,633.0,10.86,80207.0
1542,657.0,11.27,80260.0
1543,651.0,11.16,80312.0
1544,651.0,11.16,80364.0
1545,627.0,10.75,80416.0
1546,627.0,10.75,80468.0
1547,633.0,10.86,80521.0
1548,657.0,11.27,80572.0
1549,633.0,10.86,80624.0
1550,626.0,10.74,80676.0
1551,651.0,11.16,80729.0
1552,627.0,10.75,80781.0
1553,627.0,10.75,80833.0
1554,652.0,11.18,80885.0
1555,633.0,10.86,80936.0
1556,633.0,10.86,80989.0
1557,628.0,10.77,81041.0
1558,627.0,10.75,81093.0
1559,627.0,10.75,81145.0
1560,627.0,10.75,81198.0
1561,627.0,10.75,81250.0
1562,633.0,10.86,81301.0
1563,634.0,10.87,81353.0
1564,627.0,10.75,81405.0
1565,627.0,10.75,81458.0
1566,627.0,10.75,81510.0
1567,652.0,11.18,81562.0
1568,627.0,10.75,81614.0
1569,633.0,10.86,81666.0
1570,633.0,10.86,81718.0
1571,627.0,10.75,81770.0
1572,627.0,10.75,81822.0
1573,627.0,10.75,81874.0
1574,627.0,10.75,81927.0
1575,632.0,10.84,81979.0
1576,633.0,10.86,82030.0
1577,634.0,10.87,82082.0
1578,627.0,10.75,82135.0
1579,652.0,11.18,82187.0
1580,651.0,11.16,82239.0
1581,652.0,11.18,82291.0
1582,628.0,10.77,82343.0
1583,633.0,10.86,82395.0
1584,633.0,10.86,82447.0
1585,652.0,11.18,82499.0
1586,627.0,10.75,82551.0
1587,652.0,11.18,82604.0
1588,627.0,10.75,82656.0
1589,651.0,11.16,82708.0
1590,633.0,10.86,82759.0
1591,633.0,10.86,82811.0
1592,657.0,11.27,82864.0
1593,627.0,10.75,82916.0
1594,628.0,10.77,82968.0
1595,627.0,10.75,83020.0
1596,627.0,10.75,83073.0
1597,633.0,10.86,83124.0
1598,633.0,10.86,83176.0
1599,633.0,10.86,83228.0
1600,652.0,11.18,83280.0
1601,652.0,11.18,83333.0
1602,651.0,11.16,83385.0
1603,651.0,11.16,83437.0
1604,651.0,11.16,83489.0
1605,657.0,11.27,83540.0
1606,658.0,11.28,83593.0
1607,657.0,11.27,83645.0
1608,651.0,11.16,83697.0
1609,651.0,11.16,83749.0
1610,651.0,11.16,83802.0
1611,651.0,11.16,83854.0
1612,652.0,11.18,83906.0
1613,658.0,11.28,83957.0
1614,657.0,11.27,84009.0
1615,633.0,10.86,84062.0
1616,627.0,10.75,84114.0
1617,627.0,10.75,84166.0
1618,627.0,10.75,84218.0
1619,651.0,11.16,84271.0
1620,657.0,11.27,84323.0
1621,633.0,10.86,84374.0
1622,633.0,10.86,84426.0
1623,627.0,10.75,84478.0
1624,651.0,11.16,84531.0
1625,651.0,11.16,84583.0
1626,651.0,11.16,84635.0
1627,651.0,11.16,84687.0
1628,633.0,10.86,84739.0
1629,633.0,10.86,84791.0
1630,627.0,10.75,84843.0
1631,627.0,10.75,84895.0
1632,627.0,10.75,84947.0
1633,627.0,10.75,85000.0
1634,627.0,10.75,85052.0
1635,634.0,10.87,85103.0
1636,633.0,10.86,85155.0
1637,627.0,10.75,85208.0
1638,651.0,11.16,85260.0
1639,651.0,11.16,85312.0
1640,627.0,10.75,85364.0
1641,627.0,10.75,85416.0
1642,633.0,10.86,85468.0
1643,657.0,11.27,85520.0
1644,657.0,11.27,85572.0
1645,627.0,10.75,85624.0
1646,651.0,11.16,85677.0
1647,627.0,10.75,85729.0
1648,627.0,10.75,85781.0
1649,633.0,10.86,85832.0
1650,657.0,11.27,85884.0
1651,657.0,11.27,85937.0
1652,651.0,11.16,85989.0
