Index,deltaT
1,520.0
42,516.0
43,515.0
44,516.0
45,522.0
46,521.0
47,516.0
48,515.0
49,516.0
50,521.0
51,522.0
52,522.0
53,515.0
54,516.0
55,515.0
56,522.0
57,522.0
58,521.0
59,515.0
60,515.0
61,515.0
62,521.0
63,522.0
64,521.0
65,516.0
66,515.0
67,515.0
68,521.0
69,521.0
70,522.0
71,516.0
72,515.0
73,515.0
74,521.0
75,521.0
76,521.0
77,515.0
78,516.0
79,515.0
80,522.0
81,521.0
82,516.0
83,515.0
84,515.0
85,522.0
86,522.0
87,522.0
88,516.0
89,532.0
90,516.0
91,521.0
92,521.0
93,522.0
94,532.0
95,516.0
96,516.0
97,522.0
98,521.0
99,522.0
100,515.0
101,515.0
102,516.0
103,521.0
104,522.0
105,515.0
106,515.0
107,515.0
108,521.0
109,522.0
110,521.0
111,515.0
112,515.0
113,522.0
114,522.0
115,522.0
116,516.0
117,515.0
118,515.0
119,522.0
120,522.0
121,516.0
122,516.0
123,515.0
124,522.0
125,521.0
126,522.0
127,516.0
128,515.0
129,521.0
130,522.0
131,522.0
132,516.0
133,515.0
134,515.0
135,521.0
136,521.0
137,515.0
138,516.0
139,516.0
140,521.0
141,521.0
142,521.0
143,516.0
144,515.0
145,521.0
146,522.0
147,522.0
148,515.0
149,515.0
150,516.0
151,521.0
152,521.0
153,515.0
154,515.0
155,516.0
156,522.0
157,522.0
158,521.0
159,516.0
160,516.0
161,522.0
162,521.0
163,521.0
164,532.0
165,515.0
166,515.0
167,522.0
168,522.0
169,515.0
170,516.0
171,515.0
172,522.0
173,522.0
174,521.0
175,515.0
176,515.0
177,522.0
178,538.0
179,522.0
180,516.0
181,515.0
182,516.0
183,522.0
184,521.0
185,515.0
186,516.0
187,515.0
188,521.0
189,538.0
190,522.0
191,516.0
192,515.0
193,521.0
194,522.0
195,521.0
196,516.0
197,516.0
198,515.0
199,521.0
200,521.0
201,515.0
202,515.0
203,515.0
204,538.0
205,521.0
206,522.0
207,515.0
208,515.0
209,522.0
210,521.0
211,522.0
212,516.0
213,516.0
214,516.0
215,522.0
216,522.0
217,515.0
218,516.0
219,516.0
220,522.0
221,522.0
222,521.0
223,515.0
224,515.0
225,521.0
226,522.0
227,521.0
228,491.0
229,515.0
230,516.0
231,521.0
232,521.0
233,515.0
234,515.0
235,515.0
236,522.0
237,521.0
238,522.0
239,516.0
240,515.0
241,521.0
242,522.0
243,521.0
244,515.0
245,515.0
246,515.0
247,522.0
248,521.0
249,516.0
250,516.0
251,515.0
252,521.0
253,521.0
254,521.0
255,515.0
256,516.0
257,521.0
258,521.0
259,521.0
260,491.0
261,515.0
262,515.0
263,522.0
264,521.0
265,515.0
266,515.0
267,516.0
268,521.0
269,521.0
270,521.0
271,516.0
272,515.0
273,521.0
274,522.0
275,522.0
276,516.0
277,515.0
278,516.0
279,521.0
280,521.0
281,515.0
282,515.0
283,516.0
284,522.0
285,521.0
286,522.0
287,515.0
288,516.0
289,522.0
290,521.0
291,521.0
292,516.0
293,515.0
294,515.0
295,522.0
296,521.0
297,516.0
298,515.0
299,515.0
300,521.0
301,522.0
302,519.0
303,516.0
304,515.0
305,521.0
306,522.0
307,522.0
308,515.0
309,516.0
310,516.0
311,521.0
312,522.0
313,515.0
314,515.0
315,516.0
316,522.0
317,522.0
318,521.0
319,515.0
320,516.0
321,521.0
322,521.0
323,521.0
324,515.0
325,515.0
326,515.0
327,522.0
328,521.0
329,515.0
330,515.0
331,515.0
332,521.0
333,521.0
334,521.0
335,515.0
336,515.0
337,522.0
338,521.0
339,522.0
340,515.0
341,515.0
342,516.0
343,522.0
344,522.0
345,515.0
346,515.0
347,515.0
348,522.0
349,522.0
350,521.0
351,516.0
352,515.0
353,521.0
354,521.0
355,521.0
356,516.0
357,516.0
358,515.0
359,522.0
360,522.0
361,516.0
362,516.0
363,516.0
364,538.0
365,522.0
366,521.0
367,515.0
368,515.0
369,538.0
370,522.0
371,538.0
372,532.0
373,516.0
374,516.0
375,521.0
376,522.0
377,532.0
378,515.0
379,515.0
380,521.0
381,522.0
382,520.0
383,515.0
384,515.0
385,521.0
386,522.0
387,522.0
388,515.0
389,515.0
390,516.0
391,521.0
392,521.0
393,515.0
394,515.0
395,515.0
396,521.0
397,522.0
398,522.0
399,515.0
400,516.0
401,521.0
402,522.0
403,522.0
404,516.0
405,515.0
406,516.0
407,522.0
408,538.0
409,516.0
410,515.0
411,532.0
412,522.0
413,522.0
414,522.0
415,516.0
416,532.0
417,521.0
418,538.0
419,522.0
420,516.0
421,515.0
422,516.0
423,522.0
424,521.0
425,515.0
426,516.0
427,515.0
428,522.0
429,521.0
430,520.0
431,515.0
432,515.0
433,521.0
434,521.0
435,521.0
436,516.0
437,516.0
438,532.0
439,522.0
440,521.0
441,516.0
442,515.0
443,532.0
444,521.0
445,521.0
446,521.0
447,515.0
448,532.0
449,522.0
450,521.0
451,521.0
452,515.0
453,515.0
454,516.0
455,521.0
456,522.0
457,515.0
458,515.0
459,515.0
460,521.0
461,522.0
462,520.0
463,515.0
464,515.0
465,521.0
466,522.0
467,521.0
468,515.0
469,515.0
470,515.0
471,521.0
472,522.0
473,515.0
474,515.0
475,515.0
476,522.0
477,521.0
478,521.0
479,515.0
480,515.0
481,521.0
482,521.0
483,521.0
484,516.0
485,516.0
486,515.0
487,522.0
488,522.0
489,516.0
490,515.0
491,515.0
492,522.0
493,522.0
494,521.0
495,532.0
496,515.0
497,521.0
498,522.0
499,522.0
500,532.0
501,516.0
502,515.0
503,521.0
504,521.0
505,515.0
506,516.0
507,515.0
508,522.0
509,521.0
510,521.0
511,515.0
512,515.0
513,522.0
514,522.0
515,522.0
516,516.0
517,532.0
518,515.0
519,538.0
520,522.0
521,515.0
522,515.0
523,515.0
524,521.0
525,521.0
526,521.0
527,516.0
528,516.0
529,521.0
530,538.0
531,521.0
532,515.0
533,532.0
534,515.0
535,538.0
536,521.0
537,532.0
538,516.0
539,515.0
540,521.0
541,521.0
542,521.0
543,516.0
544,515.0
545,521.0
546,522.0
547,522.0
