Index,deltaT_us,distance_cm,timestamp_ms
9,2909.0,49.89,490.0
10,2910.0,49.91,544.0
11,2908.0,49.87,599.0
12,2908.0,49.87,653.0
13,2908.0,49.87,707.0
14,2909.0,49.89,761.0
15,2911.0,49.92,816.0
16,2908.0,49.87,870.0
17,2909.0,49.89,924.0
18,2910.0,49.91,978.0
19,2910.0,49.91,1033.0
20,2908.0,49.87,1087.0
21,2908.0,49.87,1141.0
22,2912.0,49.94,1196.0
23,2909.0,49.89,1250.0
24,2909.0,49.89,1304.0
25,2915.0,49.99,1358.0
26,2913.0,49.96,1413.0
27,2910.0,49.91,1467.0
28,2908.0,49.87,1521.0
29,2912.0,49.94,1575.0
30,2911.0,49.92,1630.0
31,2909.0,49.89,1684.0
32,2911.0,49.92,1738.0
33,2909.0,49.89,1793.0
34,2908.0,49.87,1847.0
35,2908.0,49.87,1901.0
36,2909.0,49.89,1955.0
37,2910.0,49.91,2010.0
38,2910.0,49.91,2064.0
39,2909.0,49.89,2118.0
40,2911.0,49.92,2172.0
41,2910.0,49.91,2227.0
42,2911.0,49.92,2281.0
43,2909.0,49.89,2335.0
44,2915.0,49.99,2390.0
45,2913.0,49.96,2444.0
46,2909.0,49.89,2498.0
47,2908.0,49.87,2552.0
48,2910.0,49.91,2607.0
49,2912.0,49.94,2661.0
50,2911.0,49.92,2715.0
51,2908.0,49.87,2769.0
52,2908.0,49.87,2824.0
53,2909.0,49.89,2878.0
54,2914.0,49.98,2932.0
55,2911.0,49.92,2987.0
56,2910.0,49.91,3041.0
57,2909.0,49.89,3095.0
58,2911.0,49.92,3149.0
59,2909.0,49.89,3204.0
60,2909.0,49.89,3258.0
61,2910.0,49.91,3312.0
62,2909.0,49.89,3366.0
63,2911.0,49.92,3421.0
64,2908.0,49.87,3475.0
65,2910.0,49.91,3529.0
66,2908.0,49.87,3584.0
67,2909.0,49.89,3638.0
68,2914.0,49.98,3692.0
69,2913.0,49.96,3746.0
70,2908.0,49.87,3801.0
71,2910.0,49.91,3855.0
72,2910.0,49.91,3909.0
73,2909.0,49.89,3963.0
74,2910.0,49.91,4018.0
75,2910.0,49.91,4072.0
76,2908.0,49.87,4126.0
77,2908.0,49.87,4180.0
78,2910.0,49.91,4235.0
79,2910.0,49.91,4289.0
80,2909.0,49.89,4343.0
81,2909.0,49.89,4398.0
82,2914.0,49.98,4452.0
83,2913.0,49.96,4506.0
84,2912.0,49.94,4560.0
85,2909.0,49.89,4615.0
86,2910.0,49.91,4669.0
87,2912.0,49.94,4723.0
88,2910.0,49.91,4777.0
89,2911.0,49.92,4832.0
90,2909.0,49.89,4886.0
91,2913.0,49.96,4940.0
92,2910.0,49.91,4995.0
93,2909.0,49.89,5049.0
94,2908.0,49.87,5103.0
95,2911.0,49.92,5157.0
96,2909.0,49.89,5212.0
97,2909.0,49.89,5266.0
98,2914.0,49.98,5320.0
99,2913.0,49.96,5374.0
100,2909.0,49.89,5429.0
101,2911.0,49.92,5483.0
102,2908.0,49.87,5537.0
103,2908.0,49.87,5592.0
104,2909.0,49.89,5646.0
105,2909.0,49.89,5700.0
106,2910.0,49.91,5754.0
107,2909.0,49.89,5809.0
108,2910.0,49.91,5863.0
109,2910.0,49.91,5917.0
110,2910.0,49.91,5971.0
111,2909.0,49.89,6026.0
112,2910.0,49.91,6080.0
113,2908.0,49.87,6134.0
114,2908.0,49.87,6189.0
115,2909.0,49.89,6243.0
116,2908.0,49.87,6297.0
117,2908.0,49.87,6351.0
118,2911.0,49.92,6406.0
119,2915.0,49.99,6460.0
120,2915.0,49.99,6514.0
121,2914.0,49.98,6569.0
122,2908.0,49.87,6624.0
123,2908.0,49.87,6678.0
124,2908.0,49.87,6732.0
125,2909.0,49.89,6787.0
126,2910.0,49.91,6841.0
127,2908.0,49.87,6895.0
128,2908.0,49.87,6949.0
129,2909.0,49.89,7004.0
130,2909.0,49.89,7058.0
131,2908.0,49.87,7112.0
132,2908.0,49.87,7166.0
133,2908.0,49.87,7221.0
134,2908.0,49.87,7275.0
135,2908.0,49.87,7329.0
136,2908.0,49.87,7384.0
137,2908.0,49.87,7438.0
138,2908.0,49.87,7492.0
139,2909.0,49.89,7546.0
140,2915.0,49.99,7601.0
141,2914.0,49.98,7655.0
142,2914.0,49.98,7709.0
143,2913.0,49.96,7764.0
144,2909.0,49.89,7819.0
145,2910.0,49.91,7873.0
146,2910.0,49.91,7927.0
147,2909.0,49.89,7982.0
148,2908.0,49.87,8036.0
149,2909.0,49.89,8090.0
150,2909.0,49.89,8144.0
151,2908.0,49.87,8199.0
152,2908.0,49.87,8253.0
153,2909.0,49.89,8307.0
154,2910.0,49.91,8361.0
155,2908.0,49.87,8416.0
156,2910.0,49.91,8470.0
157,2910.0,49.91,8524.0
158,2909.0,49.89,8579.0
159,2908.0,49.87,8633.0
160,2908.0,49.87,8687.0
161,2916.0,50.01,8741.0
162,2913.0,49.96,8796.0
163,2915.0,49.99,8850.0
164,2908.0,49.87,8905.0
165,2909.0,49.89,8960.0
166,2909.0,49.89,9014.0
167,2909.0,49.89,9068.0
168,2909.0,49.89,9122.0
169,2908.0,49.87,9177.0
170,2908.0,49.87,9231.0
171,2909.0,49.89,9285.0
172,2908.0,49.87,9339.0
173,2909.0,49.89,9394.0
174,2910.0,49.91,9448.0
175,2910.0,49.91,9502.0
176,2910.0,49.91,9556.0
177,2910.0,49.91,9611.0
178,2909.0,49.89,9665.0
179,2910.0,49.91,9719.0
180,2909.0,49.89,9774.0
181,2912.0,49.94,9828.0
182,2916.0,50.01,9882.0
183,2915.0,49.99,9936.0
184,2915.0,49.99,9991.0
185,2910.0,49.91,10046.0
186,2910.0,49.91,10100.0
187,2910.0,49.91,10155.0
188,2910.0,49.91,10209.0
189,2910.0,49.91,10263.0
190,2911.0,49.92,10317.0
191,2909.0,49.89,10372.0
192,2910.0,49.91,10426.0
193,2908.0,49.87,10480.0
194,2909.0,49.89,10534.0
195,2916.0,50.01,10589.0
196,2908.0,49.87,10644.0
197,2909.0,49.89,10698.0
198,2908.0,49.87,10753.0
199,2909.0,49.89,10807.0
200,2909.0,49.89,10861.0
201,2911.0,49.92,10915.0
202,2909.0,49.89,10970.0
203,2911.0,49.92,11024.0
204,2909.0,49.89,11078.0
205,2911.0,49.92,11132.0
206,2915.0,49.99,11187.0
207,2915.0,49.99,11242.0
208,2910.0,49.91,11296.0
209,2910.0,49.91,11351.0
210,2911.0,49.92,11405.0
211,2912.0,49.94,11459.0
212,2909.0,49.89,11513.0
213,2911.0,49.92,11568.0
214,2911.0,49.92,11622.0
215,2910.0,49.91,11676.0
216,2909.0,49.89,11730.0
217,2915.0,49.99,11785.0
218,2910.0,49.91,11840.0
219,2909.0,49.89,11894.0
220,2911.0,49.92,11949.0
221,2910.0,49.91,12003.0
222,2912.0,49.94,12057.0
223,2910.0,49.91,12111.0
224,2911.0,49.92,12166.0
225,2909.0,49.89,12220.0
226,2910.0,49.91,12274.0
227,2911.0,49.92,12328.0
228,2915.0,49.99,12383.0
229,2911.0,49.92,12438.0
230,2912.0,49.94,12492.0
231,2909.0,49.89,12547.0
232,2910.0,49.91,12601.0
233,2909.0,49.89,12655.0
234,2909.0,49.89,12709.0
235,2911.0,49.92,12764.0
236,2909.0,49.89,12818.0
237,2909.0,49.89,12872.0
238,2911.0,49.92,12926.0
239,2915.0,49.99,12981.0
240,2910.0,49.91,13036.0
241,2909.0,49.89,13090.0
242,2910.0,49.91,13145.0
243,2910.0,49.91,13199.0
244,2909.0,49.89,13253.0
245,2910.0,49.91,13307.0
246,2910.0,49.91,13362.0
247,2909.0,49.89,13416.0
248,2911.0,49.92,13470.0
249,2910.0,49.91,13524.0
250,2915.0,49.99,13579.0
251,2910.0,49.91,13634.0
252,2909.0,49.89,13688.0
253,2910.0,49.91,13743.0
254,2911.0,49.92,13797.0
255,2911.0,49.92,13851.0
256,2911.0,49.92,13905.0
257,2909.0,49.89,13960.0
258,2912.0,49.94,14014.0
259,2909.0,49.89,14068.0
260,2917.0,50.03,14123.0
261,2916.0,50.01,14177.0
262,2911.0,49.92,14232.0
263,2910.0,49.91,14286.0
264,2908.0,49.87,14341.0
265,2909.0,49.89,14395.0
266,2909.0,49.89,14449.0
267,2909.0,49.89,14503.0
268,2909.0,49.89,14558.0
269,2909.0,49.89,14612.0
270,2911.0,49.92,14666.0
271,2909.0,49.89,14721.0
272,2917.0,50.03,14775.0
273,2911.0,49.92,14830.0
274,2911.0,49.92,14884.0
275,2910.0,49.91,14939.0
276,2909.0,49.89,14993.0
277,2912.0,49.94,15047.0
278,2911.0,49.92,15101.0
279,2909.0,49.89,15156.0
280,2909.0,49.89,15210.0
281,2911.0,49.92,15264.0
282,2916.0,50.01,15319.0
283,2915.0,49.99,15373.0
284,2911.0,49.92,15428.0
285,2911.0,49.92,15482.0
286,2910.0,49.91,15537.0
287,2909.0,49.89,15591.0
288,2911.0,49.92,15645.0
289,2910.0,49.91,15699.0
290,2910.0,49.91,15754.0
291,2909.0,49.89,15808.0
292,2909.0,49.89,15862.0
293,2915.0,49.99,15917.0
294,2916.0,50.01,15971.0
295,2910.0,49.91,16026.0
296,2910.0,49.91,16080.0
297,2909.0,49.89,16135.0
298,2912.0,49.94,16189.0
299,2909.0,49.89,16243.0
300,2911.0,49.92,16297.0
301,2910.0,49.91,16352.0
302,2909.0,49.89,16406.0
303,2910.0,49.91,16460.0
304,2915.0,49.99,16515.0
305,2916.0,50.01,16570.0
306,2909.0,49.89,16624.0
307,2909.0,49.89,16678.0
308,2910.0,49.91,16733.0
309,2909.0,49.89,16787.0
310,2910.0,49.91,16841.0
311,2909.0,49.89,16896.0
312,2909.0,49.89,16950.0
313,2910.0,49.91,17004.0
314,2909.0,49.89,17058.0
315,2915.0,49.99,17113.0
316,2915.0,49.99,17168.0
317,2909.0,49.89,17222.0
318,2908.0,49.87,17276.0
319,2910.0,49.91,17331.0
320,2910.0,49.91,17385.0
321,2909.0,49.89,17439.0
322,2909.0,49.89,17494.0
323,2908.0,49.87,17548.0
324,2910.0,49.91,17602.0
325,2910.0,49.91,17656.0
326,2915.0,49.99,17711.0
327,2916.0,50.01,17766.0
328,2909.0,49.89,17820.0
329,2908.0,49.87,17874.0
330,2910.0,49.91,17929.0
331,2910.0,49.91,17983.0
332,2910.0,49.91,18037.0
333,2908.0,49.87,18092.0
334,2908.0,49.87,18146.0
335,2909.0,49.89,18200.0
336,2910.0,49.91,18254.0
337,2914.0,49.98,18309.0
338,2911.0,49.92,18364.0
339,2909.0,49.89,18418.0
340,2909.0,49.89,18472.0
341,2910.0,49.91,18527.0
342,2910.0,49.91,18581.0
343,2911.0,49.92,18635.0
344,2910.0,49.91,18690.0
345,2908.0,49.87,18744.0
346,2909.0,49.89,18798.0
347,2910.0,49.91,18852.0
348,2914.0,49.98,18907.0
349,2910.0,49.91,18962.0
350,2909.0,49.89,19016.0
351,2909.0,49.89,19070.0
352,2909.0,49.89,19125.0
353,2910.0,49.91,19179.0
354,2908.0,49.87,19233.0
355,2907.0,49.86,19288.0
356,2908.0,49.87,19342.0
357,2908.0,49.87,19396.0
358,2909.0,49.89,19450.0
359,2915.0,49.99,19505.0
360,2909.0,49.89,19560.0
361,2911.0,49.92,19614.0
362,2910.0,49.91,19668.0
363,2909.0,49.89,19723.0
364,2909.0,49.89,19777.0
365,2910.0,49.91,19831.0
366,2910.0,49.91,19886.0
367,2908.0,49.87,19940.0
368,2910.0,49.91,19994.0
369,2909.0,49.89,20048.0
370,2915.0,49.99,20103.0
371,2909.0,49.89,20158.0
372,2909.0,49.89,20212.0
373,2908.0,49.87,20267.0
374,2909.0,49.89,20321.0
375,2910.0,49.91,20375.0
376,2910.0,49.91,20429.0
377,2909.0,49.89,20484.0
378,2910.0,49.91,20538.0
379,2909.0,49.89,20592.0
380,2908.0,49.87,20646.0
381,2915.0,49.99,20701.0
382,2909.0,49.89,20756.0
383,2911.0,49.92,20810.0
384,2907.0,49.86,20865.0
385,2909.0,49.89,20919.0
386,2909.0,49.89,20973.0
387,2908.0,49.87,21027.0
388,2910.0,49.91,21082.0
389,2910.0,49.91,21136.0
390,2910.0,49.91,21190.0
391,2910.0,49.91,21244.0
392,2915.0,49.99,21299.0
393,2909.0,49.89,21354.0
394,2910.0,49.91,21408.0
395,2908.0,49.87,21463.0
396,2909.0,49.89,21517.0
397,2909.0,49.89,21571.0
398,2911.0,49.92,21625.0
399,2911.0,49.92,21680.0
400,2909.0,49.89,21734.0
401,2911.0,49.92,21788.0
402,2909.0,49.89,21842.0
403,2917.0,50.03,21897.0
404,2909.0,49.89,21952.0
405,2910.0,49.91,22006.0
406,2909.0,49.89,22061.0
407,2909.0,49.89,22115.0
408,2910.0,49.91,22169.0
409,2910.0,49.91,22223.0
410,2912.0,49.94,22278.0
411,2909.0,49.89,22332.0
412,2909.0,49.89,22386.0
413,2908.0,49.87,22440.0
414,2915.0,49.99,22495.0
415,2911.0,49.92,22550.0
416,2911.0,49.92,22604.0
417,2910.0,49.91,22659.0
418,2910.0,49.91,22713.0
419,2909.0,49.89,22767.0
420,2911.0,49.92,22821.0
421,2910.0,49.91,22876.0
422,2911.0,49.92,22930.0
423,2909.0,49.89,22984.0
424,2911.0,49.92,23038.0
425,2916.0,50.01,23093.0
426,2910.0,49.91,23148.0
427,2908.0,49.87,23202.0
428,2909.0,49.89,23257.0
429,2912.0,49.94,23311.0
430,2910.0,49.91,23365.0
431,2909.0,49.89,23419.0
432,2909.0,49.89,23474.0
433,2909.0,49.89,23528.0
434,2909.0,49.89,23582.0
435,2915.0,49.99,23636.0
436,2917.0,50.03,23691.0
437,2911.0,49.92,23746.0
438,2911.0,49.92,23800.0
439,2911.0,49.92,23855.0
440,2910.0,49.91,23909.0
441,2910.0,49.91,23963.0
442,2909.0,49.89,24017.0
443,2909.0,49.89,24072.0
444,2912.0,49.94,24126.0
445,2909.0,49.89,24180.0
446,2916.0,50.01,24235.0
447,2915.0,49.99,24290.0
448,2909.0,49.89,24344.0
449,2911.0,49.92,24398.0
450,2909.0,49.89,24453.0
451,2911.0,49.92,24507.0
452,2910.0,49.91,24561.0
453,2911.0,49.92,24615.0
454,2911.0,49.92,24670.0
455,2909.0,49.89,24724.0
456,2910.0,49.91,24778.0
457,2916.0,50.01,24833.0
458,2911.0,49.92,24888.0
459,2911.0,49.92,24942.0
460,2909.0,49.89,24996.0
461,2910.0,49.91,25051.0
462,2911.0,49.92,25105.0
463,2912.0,49.94,25159.0
464,2910.0,49.91,25213.0
465,2910.0,49.91,25268.0
466,2911.0,49.92,25322.0
467,2910.0,49.91,25376.0
468,2916.0,50.01,25431.0
469,2910.0,49.91,25486.0
470,2909.0,49.89,25540.0
471,2909.0,49.89,25594.0
472,2911.0,49.92,25649.0
473,2910.0,49.91,25703.0
474,2910.0,49.91,25757.0
475,2911.0,49.92,25811.0
476,2910.0,49.91,25866.0
477,2910.0,49.91,25920.0
478,2911.0,49.92,25974.0
479,2918.0,50.04,26029.0
480,2909.0,49.89,26084.0
481,2911.0,49.92,26138.0
482,2910.0,49.91,26192.0
483,2910.0,49.91,26247.0
484,2911.0,49.92,26301.0
485,2909.0,49.89,26355.0
486,2910.0,49.91,26409.0
487,2910.0,49.91,26464.0
488,2911.0,49.92,26518.0
489,2913.0,49.96,26572.0
490,2916.0,50.01,26627.0
491,2909.0,49.89,26682.0
492,2910.0,49.91,26736.0
493,2908.0,49.87,26790.0
494,2910.0,49.91,26845.0
495,2911.0,49.92,26899.0
496,2911.0,49.92,26953.0
497,2911.0,49.92,27008.0
498,2910.0,49.91,27062.0
499,2909.0,49.89,27116.0
500,2917.0,50.03,27170.0
501,2916.0,50.01,27225.0
502,2911.0,49.92,27280.0
503,2908.0,49.87,27334.0
504,2911.0,49.92,27388.0
505,2909.0,49.89,27443.0
506,2908.0,49.87,27497.0
507,2911.0,49.92,27551.0
508,2911.0,49.92,27606.0
509,2909.0,49.89,27660.0
510,2909.0,49.89,27714.0
511,2917.0,50.03,27768.0
512,2918.0,50.04,27823.0
513,2909.0,49.89,27878.0
514,2911.0,49.92,27932.0
515,2909.0,49.89,27986.0
516,2911.0,49.92,28041.0
517,2909.0,49.89,28095.0
518,2909.0,49.89,28149.0
519,2909.0,49.89,28204.0
520,2909.0,49.89,28258.0
521,2911.0,49.92,28312.0
522,2917.0,50.03,28366.0
523,2917.0,50.03,28422.0
524,2910.0,49.91,28476.0
525,2909.0,49.89,28530.0
526,2909.0,49.89,28584.0
527,2908.0,49.87,28639.0
528,2908.0,49.87,28693.0
529,2909.0,49.89,28747.0
530,2909.0,49.89,28802.0
531,2909.0,49.89,28856.0
532,2912.0,49.94,28910.0
533,2917.0,50.03,28964.0
534,2915.0,49.99,29020.0
535,2908.0,49.87,29074.0
536,2910.0,49.91,29128.0
537,2911.0,49.92,29182.0
538,2909.0,49.89,29237.0
539,2911.0,49.92,29291.0
540,2910.0,49.91,29345.0
541,2908.0,49.87,29400.0
542,2909.0,49.89,29454.0
543,2909.0,49.89,29508.0
544,2914.0,49.98,29562.0
545,2914.0,49.98,29618.0
546,2910.0,49.91,29672.0
547,2911.0,49.92,29726.0
548,2911.0,49.92,29780.0
549,2909.0,49.89,29835.0
550,2908.0,49.87,29889.0
551,2911.0,49.92,29943.0
552,2911.0,49.92,29998.0
553,2911.0,49.92,30052.0
554,2910.0,49.91,30106.0
555,2917.0,50.03,30160.0
556,2909.0,49.89,30216.0
557,2909.0,49.89,30270.0
558,2909.0,49.89,30324.0
559,2910.0,49.91,30379.0
560,2908.0,49.87,30433.0
561,2909.0,49.89,30487.0
562,2909.0,49.89,30541.0
563,2911.0,49.92,30596.0
564,2909.0,49.89,30650.0
565,2909.0,49.89,30704.0
566,2915.0,49.99,30758.0
567,2910.0,49.91,30814.0
568,2909.0,49.89,30868.0
569,2910.0,49.91,30922.0
570,2910.0,49.91,30977.0
571,2909.0,49.89,31031.0
572,2911.0,49.92,31085.0
573,2908.0,49.87,31139.0
574,2911.0,49.92,31194.0
575,2909.0,49.89,31248.0
576,2909.0,49.89,31302.0
577,2915.0,49.99,31356.0
578,2908.0,49.87,31412.0
579,2908.0,49.87,31466.0
580,2909.0,49.89,31520.0
581,2909.0,49.89,31575.0
582,2909.0,49.89,31629.0
583,2911.0,49.92,31683.0
584,2908.0,49.87,31737.0
585,2908.0,49.87,31792.0
586,2908.0,49.87,31846.0
587,2911.0,49.92,31900.0
588,2917.0,50.03,31954.0
589,2909.0,49.89,32010.0
590,2910.0,49.91,32064.0
591,2911.0,49.92,32118.0
592,2911.0,49.92,32173.0
593,2908.0,49.87,32227.0
594,2909.0,49.89,32281.0
595,2909.0,49.89,32335.0
596,2909.0,49.89,32390.0
597,2911.0,49.92,32444.0
598,2918.0,50.04,32498.0
599,2915.0,49.99,32552.0
600,2909.0,49.89,32608.0
601,2909.0,49.89,32662.0
602,2911.0,49.92,32716.0
603,2909.0,49.89,32771.0
604,2911.0,49.92,32825.0
605,2910.0,49.91,32879.0
606,2911.0,49.92,32933.0
607,2911.0,49.92,32988.0
608,2911.0,49.92,33042.0
609,2917.0,50.03,33096.0
610,2917.0,50.03,33152.0
611,2911.0,49.92,33206.0
612,2911.0,49.92,33260.0
613,2909.0,49.89,33314.0
614,2911.0,49.92,33369.0
615,2910.0,49.91,33423.0
616,2909.0,49.89,33477.0
617,2910.0,49.91,33531.0
618,2911.0,49.92,33586.0
619,2909.0,49.89,33640.0
620,2917.0,50.03,33694.0
621,2912.0,49.94,33750.0
622,2911.0,49.92,33804.0
623,2909.0,49.89,33858.0
624,2911.0,49.92,33912.0
625,2911.0,49.92,33967.0
626,2909.0,49.89,34021.0
627,2909.0,49.89,34075.0
628,2910.0,49.91,34129.0
629,2911.0,49.92,34184.0
630,2911.0,49.92,34238.0
631,2918.0,50.04,34292.0
632,2911.0,49.92,34348.0
633,2911.0,49.92,34402.0
634,2911.0,49.92,34456.0
635,2909.0,49.89,34510.0
636,2911.0,49.92,34565.0
637,2909.0,49.89,34619.0
638,2909.0,49.89,34673.0
639,2910.0,49.91,34727.0
640,2909.0,49.89,34782.0
641,2909.0,49.89,34836.0
642,2917.0,50.03,34890.0
643,2909.0,49.89,34946.0
644,2909.0,49.89,35000.0
645,2911.0,49.92,35054.0
646,2909.0,49.89,35108.0
647,2909.0,49.89,35163.0
648,2909.0,49.89,35217.0
649,2912.0,49.94,35271.0
650,2908.0,49.87,35325.0
651,2911.0,49.92,35380.0
652,2917.0,50.03,35434.0
653,2917.0,50.03,35488.0
654,2909.0,49.89,35544.0
655,2911.0,49.92,35598.0
656,2910.0,49.91,35652.0
657,2909.0,49.89,35706.0
658,2909.0,49.89,35761.0
659,2909.0,49.89,35815.0
660,2911.0,49.92,35869.0
661,2911.0,49.92,35923.0
662,2909.0,49.89,35978.0
663,2915.0,49.99,36032.0
664,2915.0,49.99,36086.0
665,2909.0,49.89,36142.0
666,2909.0,49.89,36196.0
667,2909.0,49.89,36250.0
668,2910.0,49.91,36304.0
669,2909.0,49.89,36359.0
670,2909.0,49.89,36413.0
671,2909.0,49.89,36467.0
672,2909.0,49.89,36521.0
673,2909.0,49.89,36576.0
674,2916.0,50.01,36630.0
675,2915.0,49.99,36684.0
676,2912.0,49.94,36740.0
677,2912.0,49.94,36794.0
678,2912.0,49.94,36848.0
679,2912.0,49.94,36902.0
680,2909.0,49.89,36957.0
681,2911.0,49.92,37011.0
682,2909.0,49.89,37065.0
683,2911.0,49.92,37120.0
684,2911.0,49.92,37174.0
685,2917.0,50.03,37228.0
686,2917.0,50.03,37283.0
687,2910.0,49.91,37338.0
688,2910.0,49.91,37392.0
689,2909.0,49.89,37446.0
690,2909.0,49.89,37500.0
691,2911.0,49.92,37555.0
692,2909.0,49.89,37609.0
693,2909.0,49.89,37663.0
694,2909.0,49.89,37718.0
695,2910.0,49.91,37772.0
696,2918.0,50.04,37826.0
697,2918.0,50.04,37881.0
698,2911.0,49.92,37936.0
699,2909.0,49.89,37990.0
700,2910.0,49.91,38044.0
701,2909.0,49.89,38098.0
702,2909.0,49.89,38153.0
703,2910.0,49.91,38207.0
704,2909.0,49.89,38261.0
705,2911.0,49.92,38316.0
706,2911.0,49.92,38370.0
707,2915.0,49.99,38424.0
708,2909.0,49.89,38479.0
709,2911.0,49.92,38534.0
710,2911.0,49.92,38588.0
711,2910.0,49.91,38642.0
712,2911.0,49.92,38696.0
713,2910.0,49.91,38751.0
714,2909.0,49.89,38805.0
715,2909.0,49.89,38859.0
716,2909.0,49.89,38914.0
717,2910.0,49.91,38968.0
718,2916.0,50.01,39022.0
719,2910.0,49.91,39077.0
720,2909.0,49.89,39132.0
721,2911.0,49.92,39186.0
722,2908.0,49.87,39240.0
723,2911.0,49.92,39294.0
724,2911.0,49.92,39349.0
725,2910.0,49.91,39403.0
726,2908.0,49.87,39457.0
727,2910.0,49.91,39512.0
728,2908.0,49.87,39566.0
729,2914.0,49.98,39620.0
730,2911.0,49.92,39675.0
731,2910.0,49.91,39730.0
732,2909.0,49.89,39784.0
733,2909.0,49.89,39838.0
734,2909.0,49.89,39892.0
735,2910.0,49.91,39947.0
736,2911.0,49.92,40001.0
737,2911.0,49.92,40055.0
738,2908.0,49.87,40110.0
739,2914.0,49.98,40164.0
740,2915.0,49.99,40218.0
741,2908.0,49.87,40273.0
742,2909.0,49.89,40328.0
743,2911.0,49.92,40382.0
744,2909.0,49.89,40436.0
745,2908.0,49.87,40491.0
746,2908.0,49.87,40545.0
747,2910.0,49.91,40599.0
748,2908.0,49.87,40653.0
749,2908.0,49.87,40708.0
750,2915.0,49.99,40762.0
751,2916.0,50.01,40816.0
752,2910.0,49.91,40871.0
753,2910.0,49.91,40926.0
754,2910.0,49.91,40980.0
755,2909.0,49.89,41034.0
756,2910.0,49.91,41089.0
757,2909.0,49.89,41143.0
758,2910.0,49.91,41197.0
759,2910.0,49.91,41251.0
760,2909.0,49.89,41306.0
761,2916.0,50.01,41360.0
762,2912.0,49.94,41415.0
763,2910.0,49.91,41469.0
764,2910.0,49.91,41524.0
765,2910.0,49.91,41578.0
766,2908.0,49.87,41632.0
767,2908.0,49.87,41687.0
768,2910.0,49.91,41741.0
769,2910.0,49.91,41795.0
770,2909.0,49.89,41849.0
771,2909.0,49.89,41904.0
772,2916.0,50.01,41958.0
773,2908.0,49.87,42013.0
774,2909.0,49.89,42067.0
775,2910.0,49.91,42122.0
776,2909.0,49.89,42176.0
777,2909.0,49.89,42230.0
778,2907.0,49.86,42285.0
779,2909.0,49.89,42339.0
780,2909.0,49.89,42393.0
781,2907.0,49.86,42447.0
782,2907.0,49.86,42502.0
783,2915.0,49.99,42556.0
784,2908.0,49.87,42611.0
785,2907.0,49.86,42665.0
786,2909.0,49.89,42720.0
787,2909.0,49.89,42774.0
788,2907.0,49.86,42828.0
789,2907.0,49.86,42883.0
790,2907.0,49.86,42937.0
791,2907.0,49.86,42991.0
792,2908.0,49.87,43045.0
793,2907.0,49.86,43100.0
794,2915.0,49.99,43154.0
795,2915.0,49.99,43209.0
796,2909.0,49.89,43264.0
797,2909.0,49.89,43318.0
798,2908.0,49.87,43372.0
799,2909.0,49.89,43426.0
800,2909.0,49.89,43481.0
801,2909.0,49.89,43535.0
802,2909.0,49.89,43589.0
803,2908.0,49.87,43643.0
804,2909.0,49.89,43698.0
805,2913.0,49.96,43752.0
806,2914.0,49.98,43807.0
807,2909.0,49.89,43862.0
808,2908.0,49.87,43916.0
809,2908.0,49.87,43970.0
810,2909.0,49.89,44024.0
811,2909.0,49.89,44079.0
812,2908.0,49.87,44133.0
813,2908.0,49.87,44187.0
814,2908.0,49.87,44241.0
815,2908.0,49.87,44296.0
816,2914.0,49.98,44350.0
817,2915.0,49.99,44404.0
818,2907.0,49.86,44460.0
819,2908.0,49.87,44514.0
820,2908.0,49.87,44568.0
821,2910.0,49.91,44622.0
822,2908.0,49.87,44677.0
823,2908.0,49.87,44731.0
824,2909.0,49.89,44785.0
825,2908.0,49.87,44839.0
826,2909.0,49.89,44894.0
827,2916.0,50.01,44948.0
828,2915.0,49.99,45002.0
829,2909.0,49.89,45058.0
830,2909.0,49.89,45112.0
831,2909.0,49.89,45166.0
832,2908.0,49.87,45220.0
833,2910.0,49.91,45275.0
834,2909.0,49.89,45329.0
835,2909.0,49.89,45383.0
836,2909.0,49.89,45437.0
837,2909.0,49.89,45492.0
838,2915.0,49.99,45546.0
839,2914.0,49.98,45600.0
840,2909.0,49.89,45656.0
841,2909.0,49.89,45710.0
842,2909.0,49.89,45764.0
843,2909.0,49.89,45818.0
844,2910.0,49.91,45873.0
845,2910.0,49.91,45927.0
846,2908.0,49.87,45981.0
847,2909.0,49.89,46035.0
848,2909.0,49.89,46090.0
849,2916.0,50.01,46144.0
850,2915.0,49.99,46198.0
851,2910.0,49.91,46254.0
852,2909.0,49.89,46308.0
853,2908.0,49.87,46362.0
854,2909.0,49.89,46416.0
855,2909.0,49.89,46471.0
856,2909.0,49.89,46525.0
857,2909.0,49.89,46579.0
858,2908.0,49.87,46633.0
859,2908.0,49.87,46688.0
860,2914.0,49.98,46742.0
861,2915.0,49.99,46796.0
862,2909.0,49.89,46852.0
863,2907.0,49.86,46906.0
864,2909.0,49.89,46960.0
865,2909.0,49.89,47014.0
866,2908.0,49.87,47069.0
867,2907.0,49.86,47123.0
868,2908.0,49.87,47177.0
869,2909.0,49.89,47232.0
870,2908.0,49.87,47286.0
871,2915.0,49.99,47340.0
872,2915.0,49.99,47394.0
873,2908.0,49.87,47450.0
874,2908.0,49.87,47504.0
875,2908.0,49.87,47558.0
876,2908.0,49.87,47612.0
877,2907.0,49.86,47667.0
878,2910.0,49.91,47721.0
879,2910.0,49.91,47775.0
880,2907.0,49.86,47830.0
881,2908.0,49.87,47884.0
882,2915.0,49.99,47938.0
883,2915.0,49.99,47993.0
884,2909.0,49.89,48048.0
885,2909.0,49.89,48102.0
886,2910.0,49.91,48156.0
887,2910.0,49.91,48210.0
888,2909.0,49.89,48265.0
889,2908.0,49.87,48319.0
890,2907.0,49.86,48373.0
891,2909.0,49.89,48428.0
892,2907.0,49.86,48482.0
893,2915.0,49.99,48536.0
894,2914.0,49.98,48591.0
895,2909.0,49.89,48646.0
896,2907.0,49.86,48700.0
897,2909.0,49.89,48754.0
898,2909.0,49.89,48808.0
899,2909.0,49.89,48863.0
900,2909.0,49.89,48917.0
901,2907.0,49.86,48971.0
902,2908.0,49.87,49026.0
903,2908.0,49.87,49080.0
904,2915.0,49.99,49134.0
905,2913.0,49.96,49188.0
906,2907.0,49.86,49244.0
907,2909.0,49.89,49298.0
908,2909.0,49.89,49352.0
909,2909.0,49.89,49406.0
910,2909.0,49.89,49461.0
911,2908.0,49.87,49515.0
912,2908.0,49.87,49569.0
913,2909.0,49.89,49624.0
914,2909.0,49.89,49678.0
915,2914.0,49.98,49732.0
916,2913.0,49.96,49786.0
917,2908.0,49.87,49842.0
918,2908.0,49.87,49896.0
919,2907.0,49.86,49950.0
920,2906.0,49.84,50004.0
921,2908.0,49.87,50059.0
922,2907.0,49.86,50113.0
923,2908.0,49.87,50167.0
924,2909.0,49.89,50222.0
925,2909.0,49.89,50276.0
926,2913.0,49.96,50330.0
927,2915.0,49.99,50385.0
928,2908.0,49.87,50440.0
929,2909.0,49.89,50494.0
930,2908.0,49.87,50548.0
931,2908.0,49.87,50603.0
932,2909.0,49.89,50657.0
933,2908.0,49.87,50711.0
934,2908.0,49.87,50765.0
935,2907.0,49.86,50820.0
936,2909.0,49.89,50874.0
937,2914.0,49.98,50928.0
938,2915.0,49.99,50983.0
939,2906.0,49.84,51038.0
940,2908.0,49.87,51092.0
941,2908.0,49.87,51146.0
942,2909.0,49.89,51201.0
943,2907.0,49.86,51255.0
944,2909.0,49.89,51309.0
945,2907.0,49.86,51363.0
946,2909.0,49.89,51418.0
947,2908.0,49.87,51472.0
948,2913.0,49.96,51526.0
949,2915.0,49.99,51581.0
950,2907.0,49.86,51636.0
951,2907.0,49.86,51690.0
952,2908.0,49.87,51744.0
953,2906.0,49.84,51799.0
954,2909.0,49.89,51853.0
955,2909.0,49.89,51907.0
956,2908.0,49.87,51961.0
957,2908.0,49.87,52016.0
958,2909.0,49.89,52070.0
959,2915.0,49.99,52124.0
960,2915.0,49.99,52178.0
961,2907.0,49.86,52234.0
962,2909.0,49.89,52288.0
963,2909.0,49.89,52342.0
964,2908.0,49.87,52397.0
965,2908.0,49.87,52451.0
966,2909.0,49.89,52505.0
967,2906.0,49.84,52559.0
968,2908.0,49.87,52614.0
969,2908.0,49.87,52668.0
970,2915.0,49.99,52722.0
971,2913.0,49.96,52776.0
972,2908.0,49.87,52832.0
973,2909.0,49.89,52886.0
974,2908.0,49.87,52940.0
975,2909.0,49.89,52995.0
976,2909.0,49.89,53049.0
977,2908.0,49.87,53103.0
978,2908.0,49.87,53157.0
979,2907.0,49.86,53212.0
980,2908.0,49.87,53266.0
981,2909.0,49.89,53320.0
982,2916.0,50.01,53374.0
983,2909.0,49.89,53430.0
984,2908.0,49.87,53484.0
985,2907.0,49.86,53538.0
986,2909.0,49.89,53593.0
987,2908.0,49.87,53647.0
988,2907.0,49.86,53701.0
989,2908.0,49.87,53755.0
990,2910.0,49.91,53810.0
991,2910.0,49.91,53864.0
992,2910.0,49.91,53918.0
993,2915.0,49.99,53972.0
994,2909.0,49.89,54028.0
995,2909.0,49.89,54082.0
996,2909.0,49.89,54136.0
997,2910.0,49.91,54191.0
998,2909.0,49.89,54245.0
999,2910.0,49.91,54299.0
1000,2910.0,49.91,54353.0
1001,2908.0,49.87,54408.0
1002,2910.0,49.91,54462.0
1003,2917.0,50.03,54517.0
1004,2910.0,49.91,54572.0
1005,2911.0,49.92,54626.0
1006,2911.0,49.92,54680.0
1007,2908.0,49.87,54734.0
1008,2908.0,49.87,54789.0
1009,2911.0,49.92,54843.0
1010,2915.0,49.99,54897.0
1011,2909.0,49.89,54952.0
1012,2908.0,49.87,55007.0
1013,2911.0,49.92,55061.0
1014,2909.0,49.89,55115.0
1015,2910.0,49.91,55170.0
1016,2911.0,49.92,55224.0
1017,2915.0,49.99,55278.0
1018,2911.0,49.92,55333.0
1019,2909.0,49.89,55388.0
1020,2911.0,49.92,55442.0
1021,2910.0,49.91,55496.0
1022,2911.0,49.92,55550.0
1023,2911.0,49.92,55605.0
1024,2910.0,49.91,55659.0
1025,2915.0,49.99,55714.0
1026,2911.0,49.92,55769.0
1027,2909.0,49.89,55823.0
1028,2910.0,49.91,55877.0
1029,2912.0,49.94,55931.0
1030,2911.0,49.92,55986.0
1031,2910.0,49.91,56040.0
1032,2918.0,50.04,56094.0
1033,2911.0,49.92,56150.0
1034,2911.0,49.92,56204.0
1035,2911.0,49.92,56258.0
1036,2910.0,49.91,56312.0
1037,2909.0,49.89,56367.0
1038,2910.0,49.91,56421.0
1039,2915.0,49.99,56475.0
1040,2909.0,49.89,56530.0
1041,2910.0,49.91,56585.0
1042,2911.0,49.92,56639.0
1043,2908.0,49.87,56693.0
1044,2909.0,49.89,56748.0
1045,2910.0,49.91,56802.0
1046,2909.0,49.89,56856.0
1047,2915.0,49.99,56911.0
1048,2909.0,49.89,56966.0
1049,2909.0,49.89,57020.0
1050,2910.0,49.91,57074.0
1051,2908.0,49.87,57128.0
1052,2910.0,49.91,57183.0
1053,2909.0,49.89,57237.0
1054,2915.0,49.99,57291.0
1055,2909.0,49.89,57347.0
1056,2911.0,49.92,57401.0
1057,2909.0,49.89,57455.0
1058,2911.0,49.92,57509.0
1059,2909.0,49.89,57564.0
1060,2912.0,49.94,57618.0
1061,2917.0,50.03,57672.0
1062,2909.0,49.89,57728.0
1063,2912.0,49.94,57782.0
1064,2911.0,49.92,57836.0
1065,2913.0,49.96,57890.0
1066,2912.0,49.94,57945.0
1067,2910.0,49.91,57999.0
1068,2913.0,49.96,58053.0
1069,2918.0,50.04,58108.0
1070,2912.0,49.94,58163.0
1071,2910.0,49.91,58217.0
1072,2911.0,49.92,58271.0
1073,2910.0,49.91,58326.0
1074,2912.0,49.94,58380.0
1075,2912.0,49.94,58434.0
1076,2918.0,50.04,58488.0
1077,2911.0,49.92,58544.0
1078,2912.0,49.94,58598.0
1079,2911.0,49.92,58652.0
1080,2911.0,49.92,58706.0
1081,2912.0,49.94,58761.0
1082,2911.0,49.92,58815.0
1083,2916.0,50.01,58869.0
1084,2912.0,49.94,58925.0
1085,2910.0,49.91,58979.0
1086,2912.0,49.94,59033.0
1087,2910.0,49.91,59087.0
1088,2912.0,49.94,59142.0
1089,2910.0,49.91,59196.0
1090,2910.0,49.91,59250.0
1091,2918.0,50.04,59305.0
1092,2911.0,49.92,59360.0
1093,2909.0,49.89,59414.0
1094,2909.0,49.89,59468.0
1095,2910.0,49.91,59523.0
1096,2909.0,49.89,59577.0
1097,2910.0,49.91,59631.0
1098,2917.0,50.03,59685.0
1099,2911.0,49.92,59741.0
1100,2911.0,49.92,59795.0
1101,2911.0,49.92,59849.0
1102,2909.0,49.89,59904.0
1103,2910.0,49.91,59958.0
1104,2912.0,49.94,60012.0
1105,2915.0,49.99,60066.0
1106,2911.0,49.92,60122.0
1107,2911.0,49.92,60176.0
1108,2911.0,49.92,60230.0
1109,2910.0,49.91,60284.0
1110,2911.0,49.92,60339.0
1111,2912.0,49.94,60393.0
1112,2917.0,50.03,60447.0
1113,2911.0,49.92,60503.0
1114,2912.0,49.94,60557.0
1115,2910.0,49.91,60611.0
1116,2911.0,49.92,60665.0
1117,2910.0,49.91,60720.0
1118,2912.0,49.94,60774.0
1119,2911.0,49.92,60828.0
1120,2916.0,50.01,60883.0
1121,2910.0,49.91,60938.0
1122,2912.0,49.94,60992.0
1123,2911.0,49.92,61046.0
1124,2911.0,49.92,61101.0
1125,2911.0,49.92,61155.0
1126,2910.0,49.91,61209.0
1127,2915.0,49.99,61263.0
1128,2912.0,49.94,61319.0
1129,2911.0,49.92,61373.0
1130,2911.0,49.92,61427.0
1131,2912.0,49.94,61481.0
1132,2912.0,49.94,61536.0
1133,2911.0,49.92,61590.0
1134,2917.0,50.03,61644.0
1135,2911.0,49.92,61700.0
1136,2912.0,49.94,61754.0
1137,2911.0,49.92,61808.0
1138,2911.0,49.92,61862.0
1139,2911.0,49.92,61917.0
1140,2910.0,49.91,61971.0
1141,2917.0,50.03,62025.0
1142,2911.0,49.92,62081.0
1143,2909.0,49.89,62135.0
1144,2911.0,49.92,62189.0
1145,2912.0,49.94,62243.0
1146,2911.0,49.92,62298.0
1147,2912.0,49.94,62352.0
1148,2911.0,49.92,62406.0
1149,2917.0,50.03,62461.0
1150,2912.0,49.94,62516.0
1151,2912.0,49.94,62570.0
1152,2912.0,49.94,62624.0
1153,2911.0,49.92,62679.0
1154,2911.0,49.92,62733.0
1155,2911.0,49.92,62787.0
1156,2917.0,50.03,62841.0
1157,2911.0,49.92,62897.0
1158,2912.0,49.94,62951.0
1159,2913.0,49.96,63005.0
1160,2910.0,49.91,63059.0
1161,2911.0,49.92,63114.0
1162,2911.0,49.92,63168.0
1163,2918.0,50.04,63222.0
1164,2913.0,49.96,63278.0
1165,2911.0,49.92,63332.0
1166,2911.0,49.92,63386.0
1167,2911.0,49.92,63440.0
1168,2911.0,49.92,63495.0
1169,2911.0,49.92,63549.0
1170,2917.0,50.03,63603.0
1171,2910.0,49.91,63659.0
1172,2911.0,49.92,63713.0
1173,2910.0,49.91,63767.0
1174,2911.0,49.92,63821.0
1175,2911.0,49.92,63876.0
1176,2910.0,49.91,63930.0
1177,2914.0,49.98,63984.0
1178,2917.0,50.03,64039.0
1179,2910.0,49.91,64094.0
1180,2911.0,49.92,64148.0
1181,2911.0,49.92,64202.0
1182,2911.0,49.92,64257.0
1183,2910.0,49.91,64311.0
1184,2911.0,49.92,64365.0
1185,2917.0,50.03,64419.0
1186,2910.0,49.91,64475.0
1187,2909.0,49.89,64529.0
1188,2911.0,49.92,64583.0
1189,2909.0,49.89,64637.0
1190,2909.0,49.89,64692.0
1191,2909.0,49.89,64746.0
1192,2917.0,50.03,64800.0
1193,2909.0,49.89,64856.0
1194,2911.0,49.92,64910.0
1195,2911.0,49.92,64964.0
1196,2910.0,49.91,65018.0
1197,2911.0,49.92,65073.0
1198,2909.0,49.89,65127.0
1199,2911.0,49.92,65181.0
1200,2915.0,49.99,65236.0
1201,2909.0,49.89,65291.0
1202,2909.0,49.89,65345.0
1203,2909.0,49.89,65399.0
1204,2911.0,49.92,65454.0
1205,2909.0,49.89,65508.0
1206,2908.0,49.87,65562.0
1207,2915.0,49.99,65616.0
1208,2911.0,49.92,65672.0
1209,2909.0,49.89,65726.0
1210,2910.0,49.91,65780.0
1211,2909.0,49.89,65835.0
1212,2909.0,49.89,65889.0
1213,2909.0,49.89,65943.0
1214,2916.0,50.01,65997.0
1215,2908.0,49.87,66053.0
1216,2909.0,49.89,66107.0
1217,2908.0,49.87,66161.0
1218,2911.0,49.92,66215.0
1219,2908.0,49.87,66270.0
1220,2908.0,49.87,66324.0
1221,2909.0,49.89,66378.0
1222,2917.0,50.03,66433.0
1223,2908.0,49.87,66488.0
1224,2909.0,49.89,66542.0
1225,2909.0,49.89,66596.0
1226,2909.0,49.89,66651.0
1227,2908.0,49.87,66705.0
1228,2908.0,49.87,66759.0
1229,2914.0,49.98,66813.0
1230,2908.0,49.87,66869.0
1231,2910.0,49.91,66923.0
1232,2911.0,49.92,66977.0
1233,2908.0,49.87,67032.0
1234,2910.0,49.91,67086.0
1235,2910.0,49.91,67140.0
1236,2908.0,49.87,67194.0
1237,2916.0,50.01,67250.0
1238,2909.0,49.89,67304.0
1239,2910.0,49.91,67358.0
1240,2910.0,49.91,67412.0
1241,2909.0,49.89,67467.0
1242,2909.0,49.89,67521.0
1243,2908.0,49.87,67575.0
1244,2914.0,49.98,67630.0
1245,2909.0,49.89,67685.0
1246,2910.0,49.91,67739.0
1247,2910.0,49.91,67793.0
1248,2908.0,49.87,67848.0
1249,2909.0,49.89,67902.0
1250,2911.0,49.92,67956.0
1251,2915.0,49.99,68011.0
1252,2910.0,49.91,68066.0
1253,2908.0,49.87,68120.0
1254,2908.0,49.87,68174.0
1255,2909.0,49.89,68229.0
1256,2909.0,49.89,68283.0
1257,2909.0,49.89,68337.0
1258,2910.0,49.91,68391.0
1259,2914.0,49.98,68446.0
1260,2908.0,49.87,68501.0
1261,2910.0,49.91,68555.0
1262,2909.0,49.89,68610.0
1263,2908.0,49.87,68664.0
1264,2911.0,49.92,68718.0
1265,2911.0,49.92,68772.0
1266,2916.0,50.01,68827.0
1267,2911.0,49.92,68882.0
1268,2909.0,49.89,68936.0
1269,2908.0,49.87,68990.0
1270,2909.0,49.89,69045.0
1271,2911.0,49.92,69099.0
1272,2908.0,49.87,69153.0
1273,2908.0,49.87,69208.0
1274,2914.0,49.98,69263.0
1275,2910.0,49.91,69317.0
1276,2909.0,49.89,69371.0
1277,2908.0,49.87,69426.0
1278,2908.0,49.87,69480.0
1279,2908.0,49.87,69534.0
1280,2908.0,49.87,69588.0
1281,2916.0,50.01,69643.0
1282,2910.0,49.91,69698.0
1283,2908.0,49.87,69752.0
1284,2911.0,49.92,69807.0
1285,2910.0,49.91,69861.0
1286,2908.0,49.87,69915.0
1287,2908.0,49.87,69969.0
1288,2914.0,49.98,70024.0
1289,2910.0,49.91,70079.0
1290,2909.0,49.89,70133.0
1291,2908.0,49.87,70188.0
1292,2911.0,49.92,70242.0
1293,2908.0,49.87,70296.0
1294,2908.0,49.87,70350.0
1295,2908.0,49.87,70405.0
1296,2914.0,49.98,70459.0
1297,2908.0,49.87,70514.0
1298,2908.0,49.87,70568.0
1299,2908.0,49.87,70623.0
1300,2910.0,49.91,70677.0
1301,2909.0,49.89,70731.0
1302,2907.0,49.86,70786.0
1303,2915.0,49.99,70840.0
1304,2908.0,49.87,70895.0
1305,2908.0,49.87,70949.0
1306,2911.0,49.92,71004.0
1307,2908.0,49.87,71058.0
1308,2909.0,49.89,71112.0
1309,2910.0,49.91,71166.0
1310,2908.0,49.87,71221.0
1311,2914.0,49.98,71275.0
1312,2908.0,49.87,71330.0
1313,2909.0,49.89,71385.0
1314,2909.0,49.89,71439.0
1315,2909.0,49.89,71493.0
1316,2909.0,49.89,71547.0
1317,2907.0,49.86,71602.0
1318,2914.0,49.98,71656.0
1319,2908.0,49.87,71711.0
1320,2909.0,49.89,71766.0
1321,2908.0,49.87,71820.0
1322,2908.0,49.87,71874.0
1323,2909.0,49.89,71928.0
1324,2909.0,49.89,71983.0
1325,2909.0,49.89,72037.0
1326,2938.0,50.39,72092.0
1327,2932.0,50.28,72146.0
1328,2908.0,49.87,72201.0
1329,2909.0,49.89,72255.0
1330,2909.0,49.89,72309.0
1331,2910.0,49.91,72364.0
1332,2909.0,49.89,72418.0
1333,2916.0,50.01,72472.0
1334,2910.0,49.91,72527.0
1335,2911.0,49.92,72582.0
1336,2911.0,49.92,72636.0
1337,2911.0,49.92,72690.0
1338,2909.0,49.89,72744.0
1339,2910.0,49.91,72799.0
1340,2915.0,49.99,72853.0
1341,2910.0,49.91,72908.0
1342,2911.0,49.92,72963.0
1343,2910.0,49.91,73017.0
1344,2908.0,49.87,73071.0
1345,2908.0,49.87,73125.0
1346,2909.0,49.89,73180.0
1347,2916.0,50.01,73234.0
1348,2910.0,49.91,73289.0
1349,2909.0,49.89,73344.0
1350,2909.0,49.89,73398.0
1351,2908.0,49.87,73452.0
1352,2909.0,49.89,73506.0
1353,2908.0,49.87,73561.0
1354,2909.0,49.89,73615.0
1355,2914.0,49.98,73669.0
1356,2910.0,49.91,73724.0
1357,2909.0,49.89,73779.0
1358,2909.0,49.89,73833.0
1359,2909.0,49.89,73887.0
1360,2907.0,49.86,73942.0
1361,2908.0,49.87,73996.0
1362,2914.0,49.98,74050.0
1363,2907.0,49.86,74105.0
1364,2909.0,49.89,74160.0
1365,2909.0,49.89,74214.0
1366,2908.0,49.87,74268.0
1367,2908.0,49.87,74322.0
1368,2908.0,49.87,74377.0
1369,2907.0,49.86,74431.0
1370,2914.0,49.98,74485.0
1371,2908.0,49.87,74541.0
1372,2908.0,49.87,74595.0
1373,2908.0,49.87,74649.0
1374,2908.0,49.87,74703.0
1375,2908.0,49.87,74758.0
1376,2910.0,49.91,74812.0
1377,2916.0,50.01,74866.0
1378,2910.0,49.91,74921.0
1379,2910.0,49.91,74976.0
1380,2910.0,49.91,75030.0
1381,2909.0,49.89,75084.0
1382,2910.0,49.91,75139.0
1383,2910.0,49.91,75193.0
1384,2909.0,49.89,75247.0
1385,2916.0,50.01,75302.0
1386,2910.0,49.91,75357.0
1387,2908.0,49.87,75411.0
1388,2909.0,49.89,75465.0
1389,2909.0,49.89,75520.0
1390,2908.0,49.87,75574.0
1391,2910.0,49.91,75628.0
1392,2914.0,49.98,75682.0
1393,2909.0,49.89,75738.0
1394,2910.0,49.91,75792.0
1395,2909.0,49.89,75846.0
1396,2909.0,49.89,75900.0
1397,2908.0,49.87,75955.0
1398,2910.0,49.91,76009.0
1399,2914.0,49.98,76063.0
1400,2909.0,49.89,76119.0
1401,2908.0,49.87,76173.0
1402,2908.0,49.87,76227.0
1403,2908.0,49.87,76281.0
1404,2909.0,49.89,76336.0
1405,2908.0,49.87,76390.0
1406,2908.0,49.87,76444.0
1407,2915.0,49.99,76498.0
1408,2909.0,49.89,76554.0
1409,2910.0,49.91,76608.0
1410,2909.0,49.89,76662.0
1411,2908.0,49.87,76717.0
1412,2908.0,49.87,76771.0
1413,2909.0,49.89,76825.0
1414,2914.0,49.98,76879.0
1415,2908.0,49.87,76935.0
1416,2908.0,49.87,76989.0
1417,2910.0,49.91,77043.0
1418,2910.0,49.91,77097.0
1419,2910.0,49.91,77152.0
1420,2910.0,49.91,77206.0
1421,2909.0,49.89,77260.0
1422,2915.0,49.99,77316.0
1423,2910.0,49.91,77370.0
1424,2908.0,49.87,77424.0
1425,2910.0,49.91,77478.0
1426,2908.0,49.87,77533.0
1427,2908.0,49.87,77587.0
1428,2909.0,49.89,77641.0
1429,2914.0,49.98,77696.0
1430,2908.0,49.87,77751.0
1431,2908.0,49.87,77805.0
1432,2907.0,49.86,77859.0
1433,2908.0,49.87,77914.0
1434,2909.0,49.89,77968.0
1435,2909.0,49.89,78022.0
1436,2915.0,49.99,78076.0
1437,2908.0,49.87,78132.0
1438,2908.0,49.87,78186.0
1439,2910.0,49.91,78240.0
1440,2908.0,49.87,78295.0
1441,2908.0,49.87,78349.0
1442,2910.0,49.91,78403.0
1443,2908.0,49.87,78457.0
1444,2915.0,49.99,78512.0
1445,2908.0,49.87,78567.0
1446,2908.0,49.87,78621.0
1447,2909.0,49.89,78675.0
1448,2910.0,49.91,78730.0
1449,2910.0,49.91,78784.0
1450,2910.0,49.91,78838.0
1451,2916.0,50.01,78893.0
1452,2909.0,49.89,78948.0
1453,2910.0,49.91,79002.0
1454,2910.0,49.91,79056.0
1455,2908.0,49.87,79111.0
1456,2910.0,49.91,79165.0
1457,2909.0,49.89,79219.0
1458,2911.0,49.92,79273.0
1459,2916.0,50.01,79329.0
1460,2911.0,49.92,79383.0
1461,2909.0,49.89,79437.0
1462,2909.0,49.89,79492.0
1463,2911.0,49.92,79546.0
1464,2911.0,49.92,79600.0
1465,2911.0,49.92,79654.0
1466,2917.0,50.03,79709.0
1467,2911.0,49.92,79764.0
1468,2910.0,49.91,79818.0
1469,2910.0,49.91,79873.0
1470,2910.0,49.91,79927.0
1471,2912.0,49.94,79981.0
1472,2912.0,49.94,80035.0
1473,2918.0,50.04,80090.0
1474,2911.0,49.92,80145.0
1475,2909.0,49.89,80199.0
1476,2909.0,49.89,80253.0
1477,2909.0,49.89,80308.0
1478,2911.0,49.92,80362.0
1479,2911.0,49.92,80416.0
1480,2910.0,49.91,80471.0
1481,2918.0,50.04,80526.0
1482,2909.0,49.89,80580.0
1483,2909.0,49.89,80634.0
1484,2909.0,49.89,80689.0
1485,2909.0,49.89,80743.0
1486,2909.0,49.89,80797.0
1487,2911.0,49.92,80851.0
1488,2915.0,49.99,80906.0
1489,2911.0,49.92,80961.0
1490,2909.0,49.89,81015.0
1491,2911.0,49.92,81070.0
1492,2911.0,49.92,81124.0
1493,2911.0,49.92,81178.0
1494,2911.0,49.92,81232.0
1495,2917.0,50.03,81287.0
1496,2908.0,49.87,81342.0
1497,2908.0,49.87,81396.0
1498,2911.0,49.92,81451.0
1499,2911.0,49.92,81505.0
1500,2909.0,49.89,81559.0
1501,2910.0,49.91,81613.0
1502,2909.0,49.89,81668.0
1503,2917.0,50.03,81722.0
1504,2910.0,49.91,81777.0
1505,2910.0,49.91,81831.0
1506,2910.0,49.91,81886.0
1507,2910.0,49.91,81940.0
1508,2910.0,49.91,81994.0
1509,2909.0,49.89,82049.0
1510,2916.0,50.01,82103.0
1511,2911.0,49.92,82158.0
1512,2911.0,49.92,82212.0
1513,2910.0,49.91,82267.0
1514,2910.0,49.91,82321.0
1515,2912.0,49.94,82375.0
1516,2911.0,49.92,82429.0
1517,2918.0,50.04,82484.0
1518,2912.0,49.94,82539.0
1519,2910.0,49.91,82593.0
1520,2910.0,49.91,82648.0
1521,2912.0,49.94,82702.0
1522,2910.0,49.91,82756.0
1523,2910.0,49.91,82810.0
1524,2912.0,49.94,82865.0
1525,2915.0,49.99,82919.0
1526,2911.0,49.92,82974.0
1527,2911.0,49.92,83028.0
1528,2912.0,49.94,83083.0
1529,2912.0,49.94,83137.0
1530,2912.0,49.94,83191.0
1531,2909.0,49.89,83246.0
1532,2916.0,50.01,83300.0
1533,2912.0,49.94,83355.0
1534,2912.0,49.94,83409.0
1535,2910.0,49.91,83464.0
1536,2911.0,49.92,83518.0
1537,2911.0,49.92,83572.0
1538,2909.0,49.89,83627.0
1539,2915.0,49.99,83681.0
1540,2910.0,49.91,83736.0
1541,2911.0,49.92,83790.0
1542,2909.0,49.89,83845.0
1543,2910.0,49.91,83899.0
1544,2911.0,49.92,83953.0
1545,2911.0,49.92,84007.0
1546,2910.0,49.91,84062.0
1547,2917.0,50.03,84117.0
1548,2908.0,49.87,84171.0
1549,2910.0,49.91,84226.0
1550,2909.0,49.89,84280.0
1551,2911.0,49.92,84334.0
1552,2912.0,49.94,84388.0
1553,2909.0,49.89,84443.0
1554,2915.0,49.99,84497.0
1555,2911.0,49.92,84552.0
1556,2911.0,49.92,84606.0
1557,2911.0,49.92,84661.0
1558,2908.0,49.87,84715.0
1559,2908.0,49.87,84769.0
1560,2909.0,49.89,84824.0
1561,2915.0,49.99,84878.0
1562,2911.0,49.92,84933.0
1563,2909.0,49.89,84987.0
1564,2908.0,49.87,85042.0
1565,2909.0,49.89,85096.0
1566,2908.0,49.87,85150.0
1567,2910.0,49.91,85204.0
1568,2908.0,49.87,85259.0
1569,2917.0,50.03,85313.0
1570,2909.0,49.89,85368.0
1571,2910.0,49.91,85423.0
1572,2908.0,49.87,85477.0
1573,2908.0,49.87,85531.0
1574,2908.0,49.87,85585.0
1575,2910.0,49.91,85640.0
1576,2914.0,49.98,85694.0
1577,2909.0,49.89,85749.0
1578,2910.0,49.91,85804.0
1579,2908.0,49.87,85858.0
1580,2910.0,49.91,85912.0
1581,2910.0,49.91,85966.0
1582,2909.0,49.89,86021.0
1583,2909.0,49.89,86075.0
1584,2916.0,50.01,86129.0
1585,2910.0,49.91,86184.0
1586,2909.0,49.89,86239.0
1587,2909.0,49.89,86293.0
1588,2909.0,49.89,86347.0
1589,2908.0,49.87,86402.0
1590,2908.0,49.87,86456.0
1591,2914.0,49.98,86510.0
1592,2909.0,49.89,86565.0
1593,2907.0,49.86,86620.0
1594,2908.0,49.87,86674.0
1595,2908.0,49.87,86728.0
1596,2907.0,49.86,86782.0
1597,2910.0,49.91,86837.0
1598,2916.0,50.01,86891.0
1599,2909.0,49.89,86946.0
1600,2910.0,49.91,87001.0
1601,2908.0,49.87,87055.0
1602,2908.0,49.87,87109.0
1603,2909.0,49.89,87163.0
1604,2910.0,49.91,87218.0
1605,2909.0,49.89,87272.0
1606,2914.0,49.98,87326.0
1607,2909.0,49.89,87382.0
1608,2909.0,49.89,87436.0
1609,2909.0,49.89,87490.0
1610,2910.0,49.91,87544.0
1611,2908.0,49.87,87599.0
1612,2910.0,49.91,87653.0
1613,2915.0,49.99,87707.0
1614,2909.0,49.89,87762.0
1615,2909.0,49.89,87817.0
1616,2909.0,49.89,87871.0
1617,2909.0,49.89,87925.0
1618,2908.0,49.87,87980.0
1619,2909.0,49.89,88034.0
1620,2909.0,49.89,88088.0
1621,2915.0,49.99,88142.0
1622,2911.0,49.92,88198.0
1623,2910.0,49.91,88252.0
1624,2909.0,49.89,88306.0
1625,2911.0,49.92,88360.0
1626,2910.0,49.91,88415.0
1627,2908.0,49.87,88469.0
1628,2917.0,50.03,88523.0
1629,2910.0,49.91,88579.0
1630,2909.0,49.89,88633.0
1631,2910.0,49.91,88687.0
1632,2909.0,49.89,88741.0
1633,2909.0,49.89,88796.0
1634,2909.0,49.89,88850.0
1635,2908.0,49.87,88904.0
1636,2914.0,49.98,88960.0
1637,2908.0,49.87,89014.0
1638,2908.0,49.87,89068.0
1639,2909.0,49.89,89122.0
1640,2908.0,49.87,89177.0
1641,2908.0,49.87,89231.0
1642,2908.0,49.87,89285.0
1643,2914.0,49.98,89339.0
1644,2910.0,49.91,89395.0
1645,2908.0,49.87,89449.0
1646,2910.0,49.91,89503.0
1647,2907.0,49.86,89558.0
1648,2910.0,49.91,89612.0
1649,2908.0,49.87,89666.0
1650,2914.0,49.98,89720.0
1651,2907.0,49.86,89776.0
1652,2907.0,49.86,89830.0
1653,2909.0,49.89,89884.0
1654,2909.0,49.89,89938.0
1655,2909.0,49.89,89993.0
1656,2908.0,49.87,90047.0
1657,2908.0,49.87,90101.0
1658,2915.0,49.99,90156.0
1659,2908.0,49.87,90211.0
1660,2909.0,49.89,90265.0
1661,2909.0,49.89,90319.0
1662,2909.0,49.89,90374.0
1663,2907.0,49.86,90428.0
1664,2909.0,49.89,90482.0
