Index,deltaT_us,distance_cm,timestamp_ms
9,660.0,11.32,467.0
10,666.0,11.42,519.0
11,660.0,11.32,571.0
12,659.0,11.3,623.0
13,666.0,11.42,674.0
14,660.0,11.32,727.0
15,660.0,11.32,779.0
16,666.0,11.42,831.0
17,666.0,11.42,882.0
18,685.0,11.75,934.0
19,659.0,11.3,987.0
20,666.0,11.42,1038.0
21,660.0,11.32,1090.0
22,660.0,11.32,1142.0
23,659.0,11.3,1195.0
24,665.0,11.4,1246.0
25,666.0,11.42,1298.0
26,659.0,11.3,1350.0
27,659.0,11.3,1402.0
28,666.0,11.42,1454.0
29,666.0,11.42,1506.0
30,660.0,11.32,1558.0
31,660.0,11.32,1610.0
32,666.0,11.42,1661.0
33,666.0,11.42,1714.0
34,660.0,11.32,1766.0
35,660.0,11.32,1818.0
36,666.0,11.42,1869.0
37,666.0,11.42,1922.0
38,635.0,10.89,1974.0
39,660.0,11.32,2026.0
40,641.0,10.99,2077.0
41,666.0,11.42,2129.0
42,660.0,11.32,2182.0
43,636.0,10.91,2234.0
44,642.0,11.01,2285.0
45,666.0,11.42,2337.0
46,659.0,11.3,2390.0
47,660.0,11.32,2442.0
48,666.0,11.42,2493.0
49,666.0,11.42,2545.0
50,660.0,11.32,2597.0
51,660.0,11.32,2650.0
52,666.0,11.42,2701.0
53,666.0,11.42,2753.0
54,659.0,11.3,2805.0
55,659.0,11.3,2857.0
56,666.0,11.42,2909.0
57,666.0,11.42,2961.0
58,660.0,11.32,3013.0
59,660.0,11.32,3065.0
60,666.0,11.42,3118.0
61,665.0,11.4,3169.0
62,659.0,11.3,3221.0
63,660.0,11.32,3273.0
64,659.0,11.3,3325.0
65,666.0,11.42,3377.0
66,660.0,11.32,3429.0
67,659.0,11.3,3481.0
68,660.0,11.32,3533.0
69,666.0,11.42,3585.0
70,660.0,11.32,3637.0
71,660.0,11.32,3689.0
72,659.0,11.3,3741.0
73,666.0,11.42,3792.0
74,660.0,11.32,3845.0
75,660.0,11.32,3897.0
76,660.0,11.32,3949.0
77,666.0,11.42,4000.0
78,660.0,11.32,4052.0
79,684.0,11.73,4105.0
80,660.0,11.32,4157.0
81,665.0,11.4,4208.0
82,661.0,11.34,4260.0
83,660.0,11.32,4313.0
84,659.0,11.3,4365.0
85,665.0,11.4,4416.0
86,666.0,11.42,4468.0
87,660.0,11.32,4520.0
88,660.0,11.32,4573.0
89,666.0,11.42,4624.0
90,665.0,11.4,4676.0
91,660.0,11.32,4728.0
92,660.0,11.32,4781.0
93,666.0,11.42,4832.0
94,666.0,11.42,4884.0
95,660.0,11.32,4936.0
96,660.0,11.32,4988.0
97,660.0,11.32,5041.0
98,666.0,11.42,5092.0
99,636.0,10.91,5144.0
100,635.0,10.89,5196.0
101,660.0,11.32,5249.0
102,666.0,11.42,5300.0
103,660.0,11.32,5352.0
104,635.0,10.89,5404.0
105,660.0,11.32,5456.0
106,660.0,11.32,5509.0
107,666.0,11.42,5560.0
108,660.0,11.32,5612.0
109,660.0,11.32,5664.0
110,660.0,11.32,5716.0
111,684.0,11.73,5769.0
112,666.0,11.42,5820.0
113,660.0,11.32,5872.0
114,660.0,11.32,5924.0
115,660.0,11.32,5977.0
116,660.0,11.32,6029.0
117,666.0,11.42,6080.0
118,660.0,11.32,6132.0
119,660.0,11.32,6184.0
120,636.0,10.91,6237.0
121,660.0,11.32,6289.0
122,666.0,11.42,6340.0
123,636.0,10.91,6392.0
124,660.0,11.32,6445.0
125,636.0,10.91,6497.0
126,666.0,11.42,6548.0
127,666.0,11.42,6600.0
128,660.0,11.32,6652.0
129,635.0,10.89,6705.0
130,660.0,11.32,6757.0
131,666.0,11.42,6808.0
132,666.0,11.42,6860.0
133,635.0,10.89,6913.0
134,660.0,11.32,6965.0
135,635.0,10.89,7017.0
136,666.0,11.42,7068.0
137,667.0,11.44,7120.0
138,660.0,11.32,7173.0
139,660.0,11.32,7225.0
140,636.0,10.91,7277.0
141,666.0,11.42,7328.0
142,666.0,11.42,7380.0
143,660.0,11.32,7433.0
144,635.0,10.89,7485.0
145,636.0,10.91,7537.0
146,666.0,11.42,7588.0
147,659.0,11.3,7641.0
148,660.0,11.32,7693.0
149,636.0,10.91,7745.0
150,660.0,11.32,7797.0
151,666.0,11.42,7848.0
152,660.0,11.32,7901.0
153,660.0,11.32,7953.0
154,659.0,11.3,8005.0
155,662.0,11.35,8057.0
156,666.0,11.42,8109.0
157,660.0,11.32,8161.0
158,660.0,11.32,8213.0
159,660.0,11.32,8265.0
160,662.0,11.35,8317.0
161,666.0,11.42,8369.0
162,659.0,11.3,8421.0
163,660.0,11.32,8473.0
164,660.0,11.32,8525.0
165,660.0,11.32,8578.0
166,666.0,11.42,8629.0
167,660.0,11.32,8681.0
168,660.0,11.32,8733.0
169,660.0,11.32,8785.0
170,661.0,11.34,8838.0
171,666.0,11.42,8889.0
172,660.0,11.32,8941.0
173,660.0,11.32,8993.0
174,660.0,11.32,9046.0
175,662.0,11.35,9098.0
176,666.0,11.42,9149.0
177,660.0,11.32,9201.0
178,660.0,11.32,9253.0
179,660.0,11.32,9306.0
180,660.0,11.32,9358.0
181,666.0,11.42,9409.0
182,659.0,11.3,9461.0
183,660.0,11.32,9513.0
184,660.0,11.32,9566.0
185,662.0,11.35,9618.0
186,666.0,11.42,9669.0
187,659.0,11.3,9721.0
188,660.0,11.32,9774.0
189,660.0,11.32,9826.0
190,660.0,11.32,9878.0
191,666.0,11.42,9929.0
192,660.0,11.32,9981.0
193,660.0,11.32,10034.0
194,660.0,11.32,10086.0
195,660.0,11.32,10138.0
196,691.0,11.85,10189.0
197,666.0,11.42,10242.0
198,660.0,11.32,10294.0
199,660.0,11.32,10346.0
200,660.0,11.32,10398.0
201,659.0,11.3,10450.0
202,660.0,11.32,10503.0
203,666.0,11.42,10554.0
204,666.0,11.42,10606.0
205,660.0,11.32,10658.0
206,660.0,11.32,10711.0
207,684.0,11.73,10763.0
208,684.0,11.73,10815.0
209,689.0,11.82,10867.0
210,690.0,11.83,10918.0
211,666.0,11.42,10971.0
212,660.0,11.32,11023.0
213,660.0,11.32,11075.0
214,660.0,11.32,11127.0
215,660.0,11.32,11180.0
216,666.0,11.42,11231.0
217,666.0,11.42,11283.0
218,660.0,11.32,11335.0
219,659.0,11.3,11387.0
220,659.0,11.3,11440.0
221,660.0,11.32,11492.0
222,666.0,11.42,11544.0
223,666.0,11.42,11595.0
224,666.0,11.42,11648.0
225,660.0,11.32,11700.0
226,660.0,11.32,11752.0
227,660.0,11.32,11804.0
228,660.0,11.32,11856.0
229,666.0,11.42,11908.0
230,666.0,11.42,11960.0
231,660.0,11.32,12012.0
232,660.0,11.32,12064.0
233,660.0,11.32,12116.0
234,660.0,11.32,12169.0
235,666.0,11.42,12221.0
236,666.0,11.42,12272.0
237,666.0,11.42,12324.0
238,659.0,11.3,12377.0
239,660.0,11.32,12429.0
240,660.0,11.32,12481.0
241,659.0,11.3,12533.0
242,666.0,11.42,12584.0
243,666.0,11.42,12637.0
244,660.0,11.32,12689.0
245,660.0,11.32,12741.0
246,660.0,11.32,12793.0
247,660.0,11.32,12846.0
248,666.0,11.42,12897.0
249,666.0,11.42,12949.0
250,660.0,11.32,13001.0
251,659.0,11.3,13053.0
252,660.0,11.32,13106.0
253,660.0,11.32,13158.0
254,664.0,11.39,13210.0
255,666.0,11.42,13261.0
256,666.0,11.42,13314.0
257,660.0,11.32,13366.0
258,660.0,11.32,13418.0
259,660.0,11.32,13470.0
260,659.0,11.3,13522.0
261,666.0,11.42,13574.0
262,665.0,11.4,13626.0
263,659.0,11.3,13678.0
264,660.0,11.32,13730.0
265,659.0,11.3,13783.0
266,660.0,11.32,13835.0
267,666.0,11.42,13886.0
268,665.0,11.4,13938.0
269,660.0,11.32,13990.0
270,660.0,11.32,14043.0
271,660.0,11.32,14095.0
272,660.0,11.32,14147.0
273,660.0,11.32,14199.0
274,642.0,11.01,14251.0
275,642.0,11.01,14303.0
276,660.0,11.32,14355.0
277,636.0,10.91,14407.0
278,636.0,10.91,14459.0
279,642.0,11.01,14511.0
280,641.0,10.99,14563.0
281,635.0,10.89,14615.0
282,635.0,10.89,14667.0
283,635.0,10.89,14720.0
284,635.0,10.89,14772.0
285,642.0,11.01,14823.0
286,642.0,11.01,14875.0
287,636.0,10.91,14927.0
288,636.0,10.91,14980.0
289,636.0,10.91,15032.0
290,642.0,11.01,15083.0
291,642.0,11.01,15135.0
292,636.0,10.91,15187.0
293,635.0,10.89,15240.0
294,636.0,10.91,15292.0
295,635.0,10.89,15344.0
296,642.0,11.01,15395.0
297,642.0,11.01,15448.0
298,635.0,10.89,15500.0
299,635.0,10.89,15552.0
300,635.0,10.89,15604.0
301,642.0,11.01,15655.0
302,642.0,11.01,15708.0
303,636.0,10.91,15760.0
304,635.0,10.89,15812.0
305,635.0,10.89,15864.0
306,660.0,11.32,15917.0
307,666.0,11.42,15968.0
308,666.0,11.42,16020.0
309,659.0,11.3,16072.0
310,660.0,11.32,16124.0
311,660.0,11.32,16177.0
312,660.0,11.32,16229.0
313,666.0,11.42,16281.0
314,666.0,11.42,16332.0
315,666.0,11.42,16385.0
316,660.0,11.32,16437.0
317,660.0,11.32,16489.0
318,660.0,11.32,16541.0
319,660.0,11.32,16593.0
320,666.0,11.42,16645.0
321,666.0,11.42,16697.0
322,660.0,11.32,16749.0
323,660.0,11.32,16801.0
324,659.0,11.3,16854.0
325,659.0,11.3,16906.0
326,666.0,11.42,16957.0
327,666.0,11.42,17009.0
328,660.0,11.32,17061.0
329,660.0,11.32,17114.0
330,659.0,11.3,17166.0
331,660.0,11.32,17218.0
332,638.0,10.94,17270.0
333,642.0,11.01,17321.0
334,642.0,11.01,17374.0
335,636.0,10.91,17426.0
336,636.0,10.91,17478.0
337,635.0,10.89,17530.0
338,642.0,11.01,17582.0
339,642.0,11.01,17634.0
340,636.0,10.91,17686.0
341,635.0,10.89,17738.0
342,636.0,10.91,17790.0
343,636.0,10.91,17843.0
344,642.0,11.01,17894.0
345,642.0,11.01,17946.0
346,636.0,10.91,17998.0
347,636.0,10.91,18051.0
348,660.0,11.32,18103.0
349,642.0,11.01,18154.0
350,642.0,11.01,18206.0
351,636.0,10.91,18258.0
352,636.0,10.91,18311.0
353,636.0,10.91,18363.0
354,635.0,10.89,18415.0
355,642.0,11.01,18466.0
356,642.0,11.01,18519.0
357,636.0,10.91,18571.0
358,636.0,10.91,18623.0
359,636.0,10.91,18675.0
360,642.0,11.01,18726.0
361,642.0,11.01,18779.0
362,635.0,10.89,18831.0
363,636.0,10.91,18883.0
364,636.0,10.91,18935.0
365,636.0,10.91,18988.0
366,642.0,11.01,19039.0
367,641.0,10.99,19091.0
368,636.0,10.91,19143.0
369,636.0,10.91,19195.0
370,635.0,10.89,19248.0
371,642.0,11.01,19299.0
372,641.0,10.99,19351.0
373,636.0,10.91,19403.0
374,636.0,10.91,19456.0
375,636.0,10.91,19508.0
376,636.0,10.91,19560.0
377,642.0,11.01,19611.0
378,641.0,10.99,19663.0
379,635.0,10.89,19716.0
380,635.0,10.89,19768.0
381,660.0,11.32,19820.0
382,639.0,10.96,19872.0
383,666.0,11.42,19923.0
384,666.0,11.42,19976.0
385,660.0,11.32,20028.0
386,660.0,11.32,20080.0
387,660.0,11.32,20132.0
388,660.0,11.32,20185.0
389,666.0,11.42,20236.0
390,642.0,11.01,20288.0
391,635.0,10.89,20340.0
392,635.0,10.89,20392.0
393,635.0,10.89,20445.0
394,642.0,11.01,20497.0
395,642.0,11.01,20548.0
396,638.0,10.94,20600.0
397,636.0,10.91,20653.0
398,636.0,10.91,20705.0
399,636.0,10.91,20757.0
400,642.0,11.01,20808.0
401,642.0,11.01,20860.0
402,636.0,10.91,20913.0
403,636.0,10.91,20965.0
404,636.0,10.91,21017.0
405,636.0,10.91,21069.0
406,642.0,11.01,21121.0
407,641.0,10.99,21173.0
408,635.0,10.89,21225.0
409,636.0,10.91,21277.0
410,636.0,10.91,21329.0
411,666.0,11.42,21381.0
412,666.0,11.42,21433.0
413,660.0,11.32,21485.0
414,660.0,11.32,21537.0
415,659.0,11.3,21590.0
416,660.0,11.32,21642.0
417,666.0,11.42,21694.0
418,666.0,11.42,21745.0
419,665.0,11.4,21797.0
420,659.0,11.3,21850.0
421,660.0,11.32,21902.0
422,660.0,11.32,21954.0
423,660.0,11.32,22006.0
424,666.0,11.42,22057.0
425,666.0,11.42,22110.0
426,660.0,11.32,22162.0
427,659.0,11.3,22214.0
428,660.0,11.32,22266.0
429,660.0,11.32,22319.0
430,666.0,11.42,22371.0
431,666.0,11.42,22422.0
432,665.0,11.4,22474.0
433,660.0,11.32,22526.0
434,660.0,11.32,22579.0
435,660.0,11.32,22631.0
436,660.0,11.32,22683.0
437,666.0,11.42,22734.0
438,666.0,11.42,22787.0
439,660.0,11.32,22839.0
440,660.0,11.32,22891.0
441,659.0,11.3,22943.0
442,660.0,11.32,22995.0
443,666.0,11.42,23047.0
444,666.0,11.42,23099.0
445,660.0,11.32,23151.0
446,660.0,11.32,23203.0
447,660.0,11.32,23256.0
448,660.0,11.32,23308.0
449,660.0,11.32,23360.0
450,666.0,11.42,23411.0
451,666.0,11.42,23463.0
452,660.0,11.32,23516.0
453,660.0,11.32,23568.0
454,660.0,11.32,23620.0
455,660.0,11.32,23672.0
456,666.0,11.42,23724.0
457,666.0,11.42,23776.0
458,659.0,11.3,23828.0
459,660.0,11.32,23880.0
460,660.0,11.32,23932.0
461,636.0,10.91,23985.0
462,666.0,11.42,24037.0
463,641.0,10.99,24088.0
464,660.0,11.32,24140.0
465,660.0,11.32,24193.0
466,660.0,11.32,24245.0
467,660.0,11.32,24297.0
468,660.0,11.32,24349.0
469,666.0,11.42,24400.0
470,666.0,11.42,24453.0
471,660.0,11.32,24505.0
472,659.0,11.3,24557.0
473,660.0,11.32,24609.0
474,659.0,11.3,24662.0
475,666.0,11.42,24713.0
476,666.0,11.42,24765.0
477,660.0,11.32,24817.0
478,660.0,11.32,24869.0
479,660.0,11.32,24922.0
480,659.0,11.3,24974.0
481,666.0,11.42,25026.0
482,666.0,11.42,25077.0
483,666.0,11.42,25129.0
484,660.0,11.32,25182.0
485,660.0,11.32,25234.0
486,660.0,11.32,25286.0
487,660.0,11.32,25338.0
488,666.0,11.42,25390.0
489,666.0,11.42,25442.0
490,660.0,11.32,25494.0
491,660.0,11.32,25546.0
492,660.0,11.32,25598.0
493,660.0,11.32,25651.0
494,665.0,11.4,25703.0
495,666.0,11.42,25754.0
496,665.0,11.4,25806.0
497,659.0,11.3,25859.0
498,660.0,11.32,25911.0
499,636.0,10.91,25963.0
500,641.0,10.99,26015.0
501,666.0,11.42,26066.0
502,666.0,11.42,26119.0
503,660.0,11.32,26171.0
504,660.0,11.32,26223.0
505,660.0,11.32,26275.0
506,660.0,11.32,26328.0
507,666.0,11.42,26379.0
508,666.0,11.42,26431.0
509,660.0,11.32,26483.0
510,660.0,11.32,26535.0
511,660.0,11.32,26588.0
512,660.0,11.32,26640.0
513,666.0,11.42,26691.0
514,666.0,11.42,26743.0
515,666.0,11.42,26796.0
516,660.0,11.32,26848.0
517,636.0,10.91,26900.0
518,636.0,10.91,26952.0
519,667.0,11.44,27004.0
520,642.0,11.01,27056.0
521,641.0,10.99,27108.0
522,636.0,10.91,27160.0
523,660.0,11.32,27212.0
524,636.0,10.91,27265.0
525,642.0,11.01,27316.0
526,641.0,10.99,27368.0
527,636.0,10.91,27420.0
528,636.0,10.91,27472.0
529,660.0,11.32,27525.0
530,660.0,11.32,27577.0
531,666.0,11.42,27628.0
532,666.0,11.42,27680.0
533,660.0,11.32,27732.0
534,659.0,11.3,27785.0
535,636.0,10.91,27837.0
536,660.0,11.32,27889.0
537,665.0,11.4,27940.0
538,666.0,11.42,27993.0
539,636.0,10.91,28045.0
540,636.0,10.91,28097.0
541,636.0,10.91,28149.0
542,635.0,10.89,28201.0
543,642.0,11.01,28253.0
544,641.0,10.99,28305.0
545,636.0,10.91,28357.0
546,636.0,10.91,28409.0
547,636.0,10.91,28462.0
548,660.0,11.32,28514.0
549,665.0,11.4,28565.0
550,642.0,11.01,28617.0
551,635.0,10.89,28669.0
552,660.0,11.32,28722.0
553,660.0,11.32,28774.0
554,636.0,10.91,28826.0
555,641.0,10.99,28877.0
556,642.0,11.01,28930.0
557,636.0,10.91,28982.0
558,660.0,11.32,29034.0
559,660.0,11.32,29086.0
560,666.0,11.42,29138.0
561,666.0,11.42,29190.0
562,666.0,11.42,29242.0
563,660.0,11.32,29294.0
564,660.0,11.32,29346.0
565,660.0,11.32,29399.0
566,659.0,11.3,29451.0
567,666.0,11.42,29502.0
568,642.0,11.01,29554.0
569,660.0,11.32,29606.0
570,660.0,11.32,29659.0
571,660.0,11.32,29711.0
572,636.0,10.91,29763.0
573,642.0,11.01,29814.0
574,642.0,11.01,29867.0
575,636.0,10.91,29919.0
576,636.0,10.91,29971.0
577,660.0,11.32,30023.0
578,636.0,10.91,30075.0
579,666.0,11.42,30127.0
580,665.0,11.4,30179.0
581,659.0,11.3,30231.0
582,660.0,11.32,30283.0
583,660.0,11.32,30336.0
584,660.0,11.32,30388.0
585,666.0,11.42,30439.0
586,642.0,11.01,30491.0
587,636.0,10.91,30543.0
588,660.0,11.32,30596.0
589,660.0,11.32,30648.0
590,660.0,11.32,30700.0
591,666.0,11.42,30751.0
592,666.0,11.42,30803.0
593,660.0,11.32,30856.0
594,660.0,11.32,30908.0
595,660.0,11.32,30960.0
596,660.0,11.32,31012.0
597,660.0,11.32,31065.0
598,641.0,10.99,31116.0
599,666.0,11.42,31168.0
600,635.0,10.89,31220.0
601,660.0,11.32,31272.0
602,660.0,11.32,31325.0
603,659.0,11.3,31377.0
604,666.0,11.42,31428.0
605,666.0,11.42,31480.0
606,635.0,10.89,31533.0
607,660.0,11.32,31585.0
608,660.0,11.32,31637.0
609,635.0,10.89,31689.0
610,665.0,11.4,31740.0
611,665.0,11.4,31793.0
612,660.0,11.32,31845.0
613,659.0,11.3,31897.0
614,660.0,11.32,31949.0
615,659.0,11.3,32002.0
616,666.0,11.42,32053.0
617,666.0,11.42,32105.0
618,660.0,11.32,32157.0
619,659.0,11.3,32209.0
620,660.0,11.32,32262.0
621,660.0,11.32,32314.0
622,642.0,11.01,32366.0
623,666.0,11.42,32417.0
624,641.0,10.99,32470.0
625,660.0,11.32,32522.0
626,660.0,11.32,32574.0
627,660.0,11.32,32626.0
628,640.0,10.98,32678.0
629,642.0,11.01,32730.0
630,642.0,11.01,32782.0
631,635.0,10.89,32834.0
632,660.0,11.32,32886.0
633,659.0,11.3,32939.0
634,666.0,11.42,32991.0
635,666.0,11.42,33042.0
636,666.0,11.42,33094.0
637,660.0,11.32,33146.0
638,660.0,11.32,33199.0
639,659.0,11.3,33251.0
640,660.0,11.32,33303.0
641,666.0,11.42,33354.0
642,666.0,11.42,33406.0
643,660.0,11.32,33459.0
644,660.0,11.32,33511.0
645,660.0,11.32,33563.0
646,660.0,11.32,33615.0
647,666.0,11.42,33667.0
648,665.0,11.4,33719.0
649,662.0,11.35,33771.0
650,660.0,11.32,33823.0
651,635.0,10.89,33875.0
652,635.0,10.89,33928.0
653,642.0,11.01,33979.0
654,641.0,10.99,34031.0
655,636.0,10.91,34083.0
656,635.0,10.89,34136.0
657,636.0,10.91,34188.0
658,635.0,10.89,34240.0
659,666.0,11.42,34291.0
660,666.0,11.42,34343.0
661,635.0,10.89,34396.0
662,660.0,11.32,34448.0
663,635.0,10.89,34500.0
664,660.0,11.32,34552.0
665,666.0,11.42,34604.0
666,666.0,11.42,34656.0
667,659.0,11.3,34708.0
668,660.0,11.32,34760.0
669,660.0,11.32,34812.0
670,660.0,11.32,34865.0
671,666.0,11.42,34916.0
672,666.0,11.42,34968.0
673,663.0,11.37,35020.0
674,660.0,11.32,35073.0
675,659.0,11.3,35125.0
676,659.0,11.3,35177.0
677,660.0,11.32,35229.0
678,666.0,11.42,35280.0
679,666.0,11.42,35333.0
680,660.0,11.32,35385.0
681,660.0,11.32,35437.0
682,659.0,11.3,35489.0
683,659.0,11.3,35542.0
684,666.0,11.42,35593.0
685,666.0,11.42,35645.0
686,660.0,11.32,35697.0
687,660.0,11.32,35749.0
688,660.0,11.32,35802.0
689,660.0,11.32,35854.0
690,660.0,11.32,35906.0
691,666.0,11.42,35957.0
692,642.0,11.01,36009.0
693,635.0,10.89,36062.0
694,635.0,10.89,36114.0
695,636.0,10.91,36166.0
696,641.0,10.99,36217.0
697,642.0,11.01,36270.0
698,636.0,10.91,36322.0
699,636.0,10.91,36374.0
700,636.0,10.91,36426.0
701,636.0,10.91,36478.0
702,641.0,10.99,36530.0
703,666.0,11.42,36582.0
704,636.0,10.91,36634.0
705,636.0,10.91,36686.0
706,635.0,10.89,36739.0
707,642.0,11.01,36791.0
708,641.0,10.99,36842.0
709,636.0,10.91,36894.0
710,635.0,10.89,36946.0
711,636.0,10.91,36999.0
712,635.0,10.89,37051.0
713,641.0,10.99,37102.0
714,641.0,10.99,37154.0
715,636.0,10.91,37207.0
716,635.0,10.89,37259.0
717,636.0,10.91,37311.0
718,635.0,10.89,37363.0
719,642.0,11.01,37414.0
720,641.0,10.99,37467.0
721,636.0,10.91,37519.0
722,636.0,10.91,37571.0
723,636.0,10.91,37623.0
724,641.0,10.99,37675.0
725,666.0,11.42,37727.0
726,635.0,10.89,37779.0
727,635.0,10.89,37831.0
728,636.0,10.91,37883.0
729,636.0,10.91,37936.0
730,642.0,11.01,37987.0
731,642.0,11.01,38039.0
732,635.0,10.89,38091.0
733,635.0,10.89,38144.0
734,636.0,10.91,38196.0
735,642.0,11.01,38247.0
736,642.0,11.01,38299.0
737,636.0,10.91,38351.0
738,660.0,11.32,38404.0
739,660.0,11.32,38456.0
740,660.0,11.32,38508.0
741,666.0,11.42,38560.0
742,642.0,11.01,38611.0
743,640.0,10.98,38664.0
744,636.0,10.91,38716.0
745,660.0,11.32,38768.0
746,636.0,10.91,38820.0
747,642.0,11.01,38872.0
748,642.0,11.01,38924.0
749,636.0,10.91,38976.0
750,660.0,11.32,39028.0
751,635.0,10.89,39080.0
752,636.0,10.91,39133.0
753,642.0,11.01,39184.0
754,642.0,11.01,39236.0
755,660.0,11.32,39288.0
756,635.0,10.89,39341.0
757,660.0,11.32,39393.0
758,636.0,10.91,39445.0
759,642.0,11.01,39496.0
760,641.0,10.99,39548.0
761,635.0,10.89,39601.0
762,636.0,10.91,39653.0
763,636.0,10.91,39705.0
764,642.0,11.01,39756.0
765,666.0,11.42,39809.0
766,636.0,10.91,39861.0
767,636.0,10.91,39913.0
768,635.0,10.89,39965.0
769,660.0,11.32,40017.0
770,642.0,11.01,40069.0
771,642.0,11.01,40121.0
772,660.0,11.32,40173.0
773,635.0,10.89,40225.0
774,659.0,11.3,40278.0
775,636.0,10.91,40330.0
776,666.0,11.42,40381.0
777,641.0,10.99,40433.0
778,660.0,11.32,40485.0
779,660.0,11.32,40538.0
780,660.0,11.32,40590.0
781,660.0,11.32,40642.0
782,666.0,11.42,40693.0
783,641.0,10.99,40745.0
784,659.0,11.3,40798.0
785,660.0,11.32,40850.0
786,660.0,11.32,40902.0
787,660.0,11.32,40954.0
788,666.0,11.42,41007.0
789,666.0,11.42,41058.0
790,666.0,11.42,41110.0
791,635.0,10.89,41162.0
792,660.0,11.32,41214.0
793,636.0,10.91,41267.0
794,642.0,11.01,41319.0
795,642.0,11.01,41370.0
796,636.0,10.91,41422.0
797,660.0,11.32,41475.0
798,660.0,11.32,41527.0
799,636.0,10.91,41579.0
800,666.0,11.42,41631.0
801,642.0,11.01,41682.0
802,636.0,10.91,41735.0
803,660.0,11.32,41787.0
804,660.0,11.32,41839.0
805,660.0,11.32,41891.0
806,666.0,11.42,41944.0
807,642.0,11.01,41995.0
808,664.0,11.39,42047.0
809,660.0,11.32,42099.0
810,635.0,10.89,42151.0
811,635.0,10.89,42204.0
812,666.0,11.42,42256.0
813,666.0,11.42,42307.0
814,642.0,11.01,42359.0
815,660.0,11.32,42412.0
816,660.0,11.32,42464.0
817,660.0,11.32,42516.0
818,659.0,11.3,42568.0
819,666.0,11.42,42619.0
820,666.0,11.42,42672.0
821,660.0,11.32,42724.0
822,660.0,11.32,42776.0
823,659.0,11.3,42828.0
824,659.0,11.3,42881.0
825,666.0,11.42,42932.0
826,666.0,11.42,42984.0
827,659.0,11.3,43036.0
828,660.0,11.32,43088.0
829,659.0,11.3,43141.0
830,660.0,11.32,43193.0
831,690.0,11.83,43245.0
832,666.0,11.42,43296.0
833,665.0,11.4,43348.0
834,660.0,11.32,43401.0
835,659.0,11.3,43453.0
836,660.0,11.32,43505.0
837,660.0,11.32,43557.0
838,666.0,11.42,43609.0
839,666.0,11.42,43661.0
840,660.0,11.32,43713.0
841,660.0,11.32,43765.0
842,660.0,11.32,43817.0
843,660.0,11.32,43870.0
844,666.0,11.42,43921.0
845,666.0,11.42,43973.0
846,660.0,11.32,44025.0
847,659.0,11.3,44078.0
848,659.0,11.3,44130.0
849,660.0,11.32,44182.0
850,665.0,11.4,44234.0
851,666.0,11.42,44285.0
852,666.0,11.42,44338.0
853,660.0,11.32,44390.0
854,660.0,11.32,44442.0
855,660.0,11.32,44494.0
856,660.0,11.32,44547.0
857,666.0,11.42,44598.0
858,666.0,11.42,44650.0
859,660.0,11.32,44702.0
860,660.0,11.32,44754.0
861,660.0,11.32,44807.0
862,660.0,11.32,44859.0
863,666.0,11.42,44911.0
864,666.0,11.42,44962.0
865,666.0,11.42,45015.0
866,660.0,11.32,45067.0
867,660.0,11.32,45119.0
868,660.0,11.32,45171.0
869,660.0,11.32,45223.0
870,666.0,11.42,45275.0
871,666.0,11.42,45327.0
872,660.0,11.32,45379.0
873,660.0,11.32,45431.0
874,660.0,11.32,45484.0
875,659.0,11.3,45536.0
876,666.0,11.42,45588.0
877,666.0,11.42,45639.0
878,666.0,11.42,45691.0
879,660.0,11.32,45744.0
880,660.0,11.32,45796.0
881,684.0,11.73,45848.0
882,684.0,11.73,45900.0
883,666.0,11.42,45952.0
884,666.0,11.42,46004.0
885,659.0,11.3,46056.0
886,659.0,11.3,46108.0
887,660.0,11.32,46160.0
888,660.0,11.32,46213.0
889,660.0,11.32,46265.0
890,666.0,11.42,46316.0
891,666.0,11.42,46368.0
892,660.0,11.32,46420.0
893,659.0,11.3,46473.0
894,660.0,11.32,46525.0
895,659.0,11.3,46577.0
896,691.0,11.85,46628.0
897,666.0,11.42,46681.0
898,660.0,11.32,46733.0
899,660.0,11.32,46785.0
900,660.0,11.32,46837.0
901,660.0,11.32,46889.0
902,663.0,11.37,46942.0
903,666.0,11.42,46993.0
904,666.0,11.42,47045.0
905,660.0,11.32,47097.0
906,636.0,10.91,47150.0
907,660.0,11.32,47202.0
908,635.0,10.89,47254.0
909,666.0,11.42,47305.0
910,666.0,11.42,47357.0
911,660.0,11.32,47410.0
912,635.0,10.89,47462.0
913,636.0,10.91,47514.0
914,660.0,11.32,47566.0
915,641.0,10.99,47618.0
916,641.0,10.99,47670.0
917,636.0,10.91,47722.0
918,660.0,11.32,47774.0
919,635.0,10.89,47826.0
920,642.0,11.01,47879.0
921,642.0,11.01,47930.0
922,662.0,11.35,47982.0
923,660.0,11.32,48034.0
924,660.0,11.32,48087.0
925,660.0,11.32,48139.0
926,660.0,11.32,48191.0
927,666.0,11.42,48242.0
928,666.0,11.42,48294.0
929,660.0,11.32,48347.0
930,635.0,10.89,48399.0
931,660.0,11.32,48451.0
932,660.0,11.32,48503.0
933,666.0,11.42,48555.0
934,642.0,11.01,48607.0
935,635.0,10.89,48659.0
936,660.0,11.32,48711.0
937,660.0,11.32,48763.0
938,660.0,11.32,48816.0
939,666.0,11.42,48867.0
940,666.0,11.42,48919.0
941,660.0,11.32,48971.0
942,660.0,11.32,49024.0
943,660.0,11.32,49076.0
944,660.0,11.32,49128.0
945,660.0,11.32,49180.0
946,666.0,11.42,49231.0
947,666.0,11.42,49284.0
948,659.0,11.3,49336.0
949,660.0,11.32,49388.0
950,659.0,11.3,49440.0
951,636.0,10.91,49492.0
952,666.0,11.42,49544.0
953,666.0,11.42,49596.0
954,660.0,11.32,49648.0
955,635.0,10.89,49700.0
956,636.0,10.91,49753.0
957,635.0,10.89,49805.0
958,642.0,11.01,49856.0
959,641.0,10.99,49908.0
960,635.0,10.89,49960.0
961,660.0,11.32,50013.0
962,636.0,10.91,50065.0
963,660.0,11.32,50117.0
964,666.0,11.42,50168.0
965,666.0,11.42,50221.0
966,660.0,11.32,50273.0
967,636.0,10.91,50325.0
968,660.0,11.32,50377.0
969,660.0,11.32,50429.0
970,642.0,11.01,50481.0
971,642.0,11.01,50533.0
972,660.0,11.32,50585.0
973,660.0,11.32,50637.0
974,636.0,10.91,50690.0
975,636.0,10.91,50742.0
976,666.0,11.42,50793.0
977,642.0,11.01,50845.0
978,635.0,10.89,50897.0
979,660.0,11.32,50950.0
980,636.0,10.91,51002.0
981,642.0,11.01,51054.0
982,642.0,11.01,51105.0
983,635.0,10.89,51158.0
984,636.0,10.91,51210.0
985,636.0,10.91,51262.0
986,636.0,10.91,51314.0
987,642.0,11.01,51365.0
988,642.0,11.01,51418.0
989,636.0,10.91,51470.0
990,636.0,10.91,51522.0
991,635.0,10.89,51574.0
992,642.0,11.01,51627.0
993,642.0,11.01,51678.0
994,640.0,10.98,51730.0
995,636.0,10.91,51782.0
996,636.0,10.91,51834.0
997,660.0,11.32,51887.0
998,642.0,11.01,51938.0
999,642.0,11.01,51990.0
1000,660.0,11.32,52042.0
1001,660.0,11.32,52094.0
1002,636.0,10.91,52147.0
1003,635.0,10.89,52199.0
1004,636.0,10.91,52251.0
1005,642.0,11.01,52302.0
1006,641.0,10.99,52355.0
1007,642.0,11.01,52407.0
1008,636.0,10.91,52459.0
1009,636.0,10.91,52511.0
1010,635.0,10.89,52563.0
1011,635.0,10.89,52616.0
1012,642.0,11.01,52667.0
1013,641.0,10.99,52719.0
1014,641.0,10.99,52771.0
1015,636.0,10.91,52824.0
1016,635.0,10.89,52876.0
1017,636.0,10.91,52928.0
1018,636.0,10.91,52980.0
1019,641.0,10.99,53032.0
1020,641.0,10.99,53084.0
1021,642.0,11.01,53136.0
1022,636.0,10.91,53188.0
1023,636.0,10.91,53240.0
1024,636.0,10.91,53293.0
1025,636.0,10.91,53345.0
1026,636.0,10.91,53397.0
1027,642.0,11.01,53448.0
1028,666.0,11.42,53500.0
1029,642.0,11.01,53553.0
1030,635.0,10.89,53605.0
1031,636.0,10.91,53657.0
1032,636.0,10.91,53709.0
1033,636.0,10.91,53762.0
1034,642.0,11.01,53813.0
1035,642.0,11.01,53865.0
1036,641.0,10.99,53917.0
1037,636.0,10.91,53969.0
1038,636.0,10.91,54022.0
1039,635.0,10.89,54074.0
1040,636.0,10.91,54126.0
1041,636.0,10.91,54178.0
1042,641.0,10.99,54230.0
1043,641.0,10.99,54282.0
1044,636.0,10.91,54334.0
1045,636.0,10.91,54386.0
1046,636.0,10.91,54438.0
1047,635.0,10.89,54491.0
1048,636.0,10.91,54543.0
1049,666.0,11.42,54594.0
1050,666.0,11.42,54646.0
1051,666.0,11.42,54699.0
1052,660.0,11.32,54751.0
1053,660.0,11.32,54803.0
1054,660.0,11.32,54855.0
1055,660.0,11.32,54907.0
1056,660.0,11.32,54960.0
1057,660.0,11.32,55012.0
1058,666.0,11.42,55063.0
1059,666.0,11.42,55115.0
1060,665.0,11.4,55168.0
1061,659.0,11.3,55220.0
1062,659.0,11.3,55272.0
1063,659.0,11.3,55324.0
1064,659.0,11.3,55376.0
1065,660.0,11.32,55429.0
1066,660.0,11.32,55481.0
1067,666.0,11.42,55532.0
1068,641.0,10.99,55584.0
1069,638.0,10.94,55636.0
1070,636.0,10.91,55689.0
1071,636.0,10.91,55741.0
1072,636.0,10.91,55793.0
1073,660.0,11.32,55845.0
1074,641.0,10.99,55898.0
1075,642.0,11.01,55949.0
1076,642.0,11.01,56001.0
1077,660.0,11.32,56053.0
1078,660.0,11.32,56105.0
1079,660.0,11.32,56158.0
1080,660.0,11.32,56210.0
1081,660.0,11.32,56262.0
1082,660.0,11.32,56314.0
1083,666.0,11.42,56366.0
1084,666.0,11.42,56418.0
1085,666.0,11.42,56470.0
1086,660.0,11.32,56522.0
1087,660.0,11.32,56574.0
1088,660.0,11.32,56627.0
1089,660.0,11.32,56679.0
1090,635.0,10.89,56731.0
1091,642.0,11.01,56783.0
1092,642.0,11.01,56835.0
1093,642.0,11.01,56887.0
1094,636.0,10.91,56939.0
1095,636.0,10.91,56991.0
1096,636.0,10.91,57043.0
1097,635.0,10.89,57096.0
1098,636.0,10.91,57148.0
1099,641.0,10.99,57199.0
1100,641.0,10.99,57251.0
1101,636.0,10.91,57304.0
1102,636.0,10.91,57356.0
1103,636.0,10.91,57408.0
1104,635.0,10.89,57460.0
1105,635.0,10.89,57512.0
1106,642.0,11.01,57564.0
1107,641.0,10.99,57616.0
1108,641.0,10.99,57668.0
1109,659.0,11.3,57720.0
1110,660.0,11.32,57773.0
1111,659.0,11.3,57825.0
1112,660.0,11.32,57877.0
1113,659.0,11.3,57929.0
1114,666.0,11.42,57981.0
1115,665.0,11.4,58033.0
1116,665.0,11.4,58085.0
1117,660.0,11.32,58137.0
1118,659.0,11.3,58189.0
1119,659.0,11.3,58242.0
1120,659.0,11.3,58294.0
1121,659.0,11.3,58346.0
1122,659.0,11.3,58398.0
1123,642.0,11.01,58449.0
1124,641.0,10.99,58502.0
1125,641.0,10.99,58554.0
1126,636.0,10.91,58606.0
1127,636.0,10.91,58658.0
1128,636.0,10.91,58711.0
1129,636.0,10.91,58763.0
1130,642.0,11.01,58814.0
1131,642.0,11.01,58866.0
1132,642.0,11.01,58918.0
1133,635.0,10.89,58971.0
1134,636.0,10.91,59023.0
1135,636.0,10.91,59075.0
1136,636.0,10.91,59127.0
1137,635.0,10.89,59180.0
1138,641.0,10.99,59231.0
1139,641.0,10.99,59283.0
1140,636.0,10.91,59335.0
1141,636.0,10.91,59387.0
1142,636.0,10.91,59440.0
1143,636.0,10.91,59492.0
1144,636.0,10.91,59544.0
1145,641.0,10.99,59595.0
1146,642.0,11.01,59648.0
1147,641.0,10.99,59700.0
1148,635.0,10.89,59752.0
1149,635.0,10.89,59804.0
1150,636.0,10.91,59856.0
1151,636.0,10.91,59909.0
1152,641.0,10.99,59960.0
1153,642.0,11.01,60012.0
1154,642.0,11.01,60064.0
1155,636.0,10.91,60116.0
1156,660.0,11.32,60169.0
1157,660.0,11.32,60221.0
1158,659.0,11.3,60273.0
1159,660.0,11.32,60325.0
1160,666.0,11.42,60378.0
1161,665.0,11.4,60429.0
1162,666.0,11.42,60481.0
1163,660.0,11.32,60533.0
1164,659.0,11.3,60585.0
1165,660.0,11.32,60638.0
1166,660.0,11.32,60690.0
1167,660.0,11.32,60742.0
1168,660.0,11.32,60794.0
1169,666.0,11.42,60847.0
1170,666.0,11.42,60898.0
1171,666.0,11.42,60950.0
1172,660.0,11.32,61002.0
1173,660.0,11.32,61054.0
1174,660.0,11.32,61107.0
1175,660.0,11.32,61159.0
1176,660.0,11.32,61211.0
1177,660.0,11.32,61263.0
1178,666.0,11.42,61316.0
1179,666.0,11.42,61367.0
1180,666.0,11.42,61419.0
1181,666.0,11.42,61471.0
1182,660.0,11.32,61523.0
1183,635.0,10.89,61576.0
1184,635.0,10.89,61628.0
1185,635.0,10.89,61680.0
1186,660.0,11.32,61732.0
1187,666.0,11.42,61784.0
1188,666.0,11.42,61836.0
1189,666.0,11.42,61888.0
1190,660.0,11.32,61940.0
1191,660.0,11.32,61992.0
1192,660.0,11.32,62045.0
1193,660.0,11.32,62097.0
1194,660.0,11.32,62149.0
1195,660.0,11.32,62201.0
1196,665.0,11.4,62253.0
1197,666.0,11.42,62305.0
1198,665.0,11.4,62357.0
1199,660.0,11.32,62409.0
1200,660.0,11.32,62461.0
1201,659.0,11.3,62514.0
1202,660.0,11.32,62566.0
1203,660.0,11.32,62618.0
1204,642.0,11.01,62670.0
1205,642.0,11.01,62722.0
1206,642.0,11.01,62774.0
1207,636.0,10.91,62826.0
1208,636.0,10.91,62878.0
1209,636.0,10.91,62930.0
1210,635.0,10.89,62983.0
1211,635.0,10.89,63035.0
1212,641.0,10.99,63086.0
1213,642.0,11.01,63138.0
1214,636.0,10.91,63191.0
1215,635.0,10.89,63243.0
1216,636.0,10.91,63295.0
1217,635.0,10.89,63347.0
1218,636.0,10.91,63399.0
1219,642.0,11.01,63451.0
1220,641.0,10.99,63503.0
1221,642.0,11.01,63555.0
1222,636.0,10.91,63607.0
1223,636.0,10.91,63660.0
1224,636.0,10.91,63712.0
1225,635.0,10.89,63764.0
1226,642.0,11.01,63816.0
1227,642.0,11.01,63867.0
1228,642.0,11.01,63920.0
1229,660.0,11.32,63972.0
1230,636.0,10.91,64024.0
1231,636.0,10.91,64076.0
1232,660.0,11.32,64129.0
1233,636.0,10.91,64181.0
1234,642.0,11.01,64232.0
1235,642.0,11.01,64284.0
1236,641.0,10.99,64336.0
1237,636.0,10.91,64389.0
1238,636.0,10.91,64441.0
1239,635.0,10.89,64493.0
1240,660.0,11.32,64545.0
1241,640.0,10.98,64598.0
1242,641.0,10.99,64649.0
1243,641.0,10.99,64701.0
1244,636.0,10.91,64753.0
1245,660.0,11.32,64805.0
1246,659.0,11.3,64858.0
1247,659.0,11.3,64910.0
1248,659.0,11.3,64962.0
1249,659.0,11.3,65014.0
1250,666.0,11.42,65065.0
1251,665.0,11.4,65118.0
1252,666.0,11.42,65170.0
1253,659.0,11.3,65222.0
1254,660.0,11.32,65274.0
1255,659.0,11.3,65327.0
1256,659.0,11.3,65379.0
1257,660.0,11.32,65431.0
1258,660.0,11.32,65483.0
1259,666.0,11.42,65534.0
1260,665.0,11.4,65587.0
1261,665.0,11.4,65639.0
1262,660.0,11.32,65691.0
1263,636.0,10.91,65743.0
1264,635.0,10.89,65796.0
1265,636.0,10.91,65848.0
1266,635.0,10.89,65900.0
1267,641.0,10.99,65951.0
1268,642.0,11.01,66003.0
1269,636.0,10.91,66056.0
1270,636.0,10.91,66108.0
1271,635.0,10.89,66160.0
1272,636.0,10.91,66212.0
1273,636.0,10.91,66265.0
1274,642.0,11.01,66316.0
1275,641.0,10.99,66368.0
1276,642.0,11.01,66420.0
1277,635.0,10.89,66472.0
1278,636.0,10.91,66525.0
1279,636.0,10.91,66577.0
1280,635.0,10.89,66629.0
1281,641.0,10.99,66680.0
1282,641.0,10.99,66733.0
1283,642.0,11.01,66785.0
1284,636.0,10.91,66837.0
1285,635.0,10.89,66889.0
1286,636.0,10.91,66941.0
1287,635.0,10.89,66994.0
1288,641.0,10.99,67046.0
1289,642.0,11.01,67097.0
1290,642.0,11.01,67149.0
1291,635.0,10.89,67202.0
1292,636.0,10.91,67254.0
1293,635.0,10.89,67306.0
1294,635.0,10.89,67358.0
1295,635.0,10.89,67410.0
1296,642.0,11.01,67462.0
1297,642.0,11.01,67514.0
1298,635.0,10.89,67566.0
1299,635.0,10.89,67618.0
1300,636.0,10.91,67671.0
1301,636.0,10.91,67723.0
1302,636.0,10.91,67775.0
1303,641.0,10.99,67826.0
1304,642.0,11.01,67878.0
1305,635.0,10.89,67931.0
1306,636.0,10.91,67983.0
1307,635.0,10.89,68035.0
1308,635.0,10.89,68087.0
1309,636.0,10.91,68140.0
1310,642.0,11.01,68191.0
1311,642.0,11.01,68243.0
1312,642.0,11.01,68295.0
1313,635.0,10.89,68347.0
1314,636.0,10.91,68400.0
1315,636.0,10.91,68452.0
1316,636.0,10.91,68504.0
1317,641.0,10.99,68556.0
1318,641.0,10.99,68608.0
1319,641.0,10.99,68660.0
1320,636.0,10.91,68712.0
1321,660.0,11.32,68764.0
1322,636.0,10.91,68816.0
1323,636.0,10.91,68869.0
1324,636.0,10.91,68921.0
1325,642.0,11.01,68972.0
1326,641.0,10.99,69024.0
1327,641.0,10.99,69076.0
1328,636.0,10.91,69129.0
1329,636.0,10.91,69181.0
1330,660.0,11.32,69233.0
1331,635.0,10.89,69285.0
1332,642.0,11.01,69338.0
1333,642.0,11.01,69389.0
1334,642.0,11.01,69441.0
1335,636.0,10.91,69493.0
1336,635.0,10.89,69545.0
1337,635.0,10.89,69598.0
1338,636.0,10.91,69650.0
1339,636.0,10.91,69702.0
1340,642.0,11.01,69753.0
1341,641.0,10.99,69806.0
1342,636.0,10.91,69858.0
1343,635.0,10.89,69910.0
1344,635.0,10.89,69962.0
1345,636.0,10.91,70014.0
1346,636.0,10.91,70067.0
1347,642.0,11.01,70118.0
1348,641.0,10.99,70170.0
1349,642.0,11.01,70222.0
1350,635.0,10.89,70275.0
1351,636.0,10.91,70327.0
1352,636.0,10.91,70379.0
1353,636.0,10.91,70431.0
1354,641.0,10.99,70482.0
1355,642.0,11.01,70535.0
1356,642.0,11.01,70587.0
1357,636.0,10.91,70639.0
1358,636.0,10.91,70691.0
1359,635.0,10.89,70744.0
1360,635.0,10.89,70796.0
1361,636.0,10.91,70848.0
1362,642.0,11.01,70899.0
1363,642.0,11.01,70951.0
1364,635.0,10.89,71004.0
1365,636.0,10.91,71056.0
1366,636.0,10.91,71108.0
1367,636.0,10.91,71160.0
1368,636.0,10.91,71213.0
1369,666.0,11.42,71264.0
1370,641.0,10.99,71316.0
1371,666.0,11.42,71368.0
1372,636.0,10.91,71420.0
1373,635.0,10.89,71473.0
1374,636.0,10.91,71525.0
1375,660.0,11.32,71577.0
1376,660.0,11.32,71629.0
1377,665.0,11.4,71681.0
1378,666.0,11.42,71733.0
1379,666.0,11.42,71785.0
1380,660.0,11.32,71837.0
1381,659.0,11.3,71889.0
1382,636.0,10.91,71942.0
1383,636.0,10.91,71994.0
1384,635.0,10.89,72046.0
1385,642.0,11.01,72097.0
1386,642.0,11.01,72150.0
1387,642.0,11.01,72202.0
1388,635.0,10.89,72254.0
1389,636.0,10.91,72306.0
1390,636.0,10.91,72358.0
1391,635.0,10.89,72411.0
1392,642.0,11.01,72463.0
1393,641.0,10.99,72514.0
1394,642.0,11.01,72566.0
1395,636.0,10.91,72619.0
1396,635.0,10.89,72671.0
1397,636.0,10.91,72723.0
1398,636.0,10.91,72775.0
1399,635.0,10.89,72827.0
1400,642.0,11.01,72879.0
1401,642.0,11.01,72931.0
1402,636.0,10.91,72983.0
1403,636.0,10.91,73035.0
1404,636.0,10.91,73088.0
1405,636.0,10.91,73140.0
1406,635.0,10.89,73192.0
1407,642.0,11.01,73243.0
1408,642.0,11.01,73295.0
1409,641.0,10.99,73348.0
1410,635.0,10.89,73400.0
1411,635.0,10.89,73452.0
1412,635.0,10.89,73504.0
1413,636.0,10.91,73556.0
1414,642.0,11.01,73608.0
1415,642.0,11.01,73660.0
1416,641.0,10.99,73712.0
1417,635.0,10.89,73764.0
1418,635.0,10.89,73817.0
1419,635.0,10.89,73869.0
1420,636.0,10.91,73921.0
1421,642.0,11.01,73973.0
1422,641.0,10.99,74024.0
1423,641.0,10.99,74077.0
1424,635.0,10.89,74129.0
1425,635.0,10.89,74181.0
1426,635.0,10.89,74233.0
1427,635.0,10.89,74286.0
1428,636.0,10.91,74338.0
1429,641.0,10.99,74389.0
1430,642.0,11.01,74441.0
1431,636.0,10.91,74493.0
1432,635.0,10.89,74546.0
1433,635.0,10.89,74598.0
1434,636.0,10.91,74650.0
1435,660.0,11.32,74702.0
1436,666.0,11.42,74754.0
1437,666.0,11.42,74806.0
1438,666.0,11.42,74858.0
1439,660.0,11.32,74910.0
1440,659.0,11.3,74962.0
1441,660.0,11.32,75015.0
1442,660.0,11.32,75067.0
1443,660.0,11.32,75119.0
1444,660.0,11.32,75171.0
1445,666.0,11.42,75224.0
1446,666.0,11.42,75275.0
1447,666.0,11.42,75327.0
1448,636.0,10.91,75379.0
1449,660.0,11.32,75431.0
1450,661.0,11.34,75484.0
1451,636.0,10.91,75536.0
1452,636.0,10.91,75588.0
1453,642.0,11.01,75640.0
1454,641.0,10.99,75692.0
1455,642.0,11.01,75744.0
1456,636.0,10.91,75796.0
1457,636.0,10.91,75848.0
1458,636.0,10.91,75900.0
1459,660.0,11.32,75953.0
1460,659.0,11.3,76005.0
1461,666.0,11.42,76057.0
1462,666.0,11.42,76108.0
1463,665.0,11.4,76161.0
1464,660.0,11.32,76213.0
1465,660.0,11.32,76265.0
1466,660.0,11.32,76317.0
1467,660.0,11.32,76369.0
1468,660.0,11.32,76422.0
1469,660.0,11.32,76474.0
1470,665.0,11.4,76526.0
1471,666.0,11.42,76577.0
1472,666.0,11.42,76630.0
1473,665.0,11.4,76682.0
1474,660.0,11.32,76734.0
1475,659.0,11.3,76786.0
1476,660.0,11.32,76838.0
1477,660.0,11.32,76891.0
1478,659.0,11.3,76943.0
1479,666.0,11.42,76995.0
1480,666.0,11.42,77046.0
1481,666.0,11.42,77099.0
1482,660.0,11.32,77151.0
1483,660.0,11.32,77203.0
1484,660.0,11.32,77255.0
1485,660.0,11.32,77307.0
1486,660.0,11.32,77360.0
1487,660.0,11.32,77412.0
1488,642.0,11.01,77463.0
1489,642.0,11.01,77515.0
1490,642.0,11.01,77568.0
1491,635.0,10.89,77620.0
1492,636.0,10.91,77672.0
1493,660.0,11.32,77724.0
1494,660.0,11.32,77776.0
1495,660.0,11.32,77829.0
1496,666.0,11.42,77880.0
1497,666.0,11.42,77932.0
1498,666.0,11.42,77984.0
1499,660.0,11.32,78036.0
1500,660.0,11.32,78089.0
1501,660.0,11.32,78141.0
1502,660.0,11.32,78193.0
1503,659.0,11.3,78245.0
1504,660.0,11.32,78298.0
1505,666.0,11.42,78349.0
1506,642.0,11.01,78401.0
1507,666.0,11.42,78453.0
1508,660.0,11.32,78505.0
1509,635.0,10.89,78558.0
1510,660.0,11.32,78610.0
1511,660.0,11.32,78662.0
1512,660.0,11.32,78714.0
1513,666.0,11.42,78767.0
1514,666.0,11.42,78818.0
1515,666.0,11.42,78870.0
1516,666.0,11.42,78922.0
1517,636.0,10.91,78974.0
1518,660.0,11.32,79027.0
1519,660.0,11.32,79079.0
1520,660.0,11.32,79131.0
1521,660.0,11.32,79183.0
1522,665.0,11.4,79236.0
1523,666.0,11.42,79287.0
1524,666.0,11.42,79339.0
1525,665.0,11.4,79391.0
1526,660.0,11.32,79443.0
1527,660.0,11.32,79496.0
1528,660.0,11.32,79548.0
1529,660.0,11.32,79600.0
1530,660.0,11.32,79652.0
1531,666.0,11.42,79705.0
1532,666.0,11.42,79756.0
1533,666.0,11.42,79808.0
1534,665.0,11.4,79860.0
1535,660.0,11.32,79912.0
1536,659.0,11.3,79965.0
1537,659.0,11.3,80017.0
1538,660.0,11.32,80069.0
1539,660.0,11.32,80121.0
1540,666.0,11.42,80174.0
1541,666.0,11.42,80225.0
1542,666.0,11.42,80277.0
1543,662.0,11.35,80329.0
1544,659.0,11.3,80381.0
1545,659.0,11.3,80434.0
1546,660.0,11.32,80486.0
1547,659.0,11.3,80538.0
1548,660.0,11.32,80590.0
1549,665.0,11.4,80643.0
1550,665.0,11.4,80694.0
1551,666.0,11.42,80746.0
1552,660.0,11.32,80798.0
1553,660.0,11.32,80850.0
1554,635.0,10.89,80903.0
1555,635.0,10.89,80955.0
1556,636.0,10.91,81007.0
1557,641.0,10.99,81059.0
1558,642.0,11.01,81111.0
1559,642.0,11.01,81163.0
1560,635.0,10.89,81215.0
1561,635.0,10.89,81267.0
1562,636.0,10.91,81319.0
1563,636.0,10.91,81372.0
1564,635.0,10.89,81424.0
1565,642.0,11.01,81475.0
1566,641.0,10.99,81527.0
1567,636.0,10.91,81580.0
1568,636.0,10.91,81632.0
1569,636.0,10.91,81684.0
1570,635.0,10.89,81736.0
1571,660.0,11.32,81788.0
1572,666.0,11.42,81840.0
1573,666.0,11.42,81892.0
1574,666.0,11.42,81944.0
1575,660.0,11.32,81996.0
1576,660.0,11.32,82049.0
1577,660.0,11.32,82101.0
1578,660.0,11.32,82153.0
1579,659.0,11.3,82205.0
1580,660.0,11.32,82257.0
1581,666.0,11.42,82309.0
1582,666.0,11.42,82361.0
1583,665.0,11.4,82413.0
1584,660.0,11.32,82465.0
1585,659.0,11.3,82518.0
1586,660.0,11.32,82570.0
1587,660.0,11.32,82622.0
1588,636.0,10.91,82674.0
1589,636.0,10.91,82726.0
1590,642.0,11.01,82778.0
1591,641.0,10.99,82830.0
1592,636.0,10.91,82882.0
1593,636.0,10.91,82934.0
1594,635.0,10.89,82987.0
1595,635.0,10.89,83039.0
1596,636.0,10.91,83091.0
1597,642.0,11.01,83142.0
1598,642.0,11.01,83194.0
1599,642.0,11.01,83247.0
1600,635.0,10.89,83299.0
1601,635.0,10.89,83351.0
1602,635.0,10.89,83403.0
1603,635.0,10.89,83456.0
1604,642.0,11.01,83507.0
1605,642.0,11.01,83559.0
1606,642.0,11.01,83611.0
1607,636.0,10.91,83663.0
1608,635.0,10.89,83716.0
1609,636.0,10.91,83768.0
1610,636.0,10.91,83820.0
1611,642.0,11.01,83872.0
1612,642.0,11.01,83923.0
1613,641.0,10.99,83976.0
1614,636.0,10.91,84028.0
1615,636.0,10.91,84080.0
1616,636.0,10.91,84132.0
1617,636.0,10.91,84185.0
1618,636.0,10.91,84237.0
1619,641.0,10.99,84288.0
1620,642.0,11.01,84340.0
1621,636.0,10.91,84392.0
1622,635.0,10.89,84445.0
1623,636.0,10.91,84497.0
1624,636.0,10.91,84549.0
1625,635.0,10.89,84601.0
1626,641.0,10.99,84653.0
1627,642.0,11.01,84705.0
1628,642.0,11.01,84757.0
1629,636.0,10.91,84809.0
1630,636.0,10.91,84861.0
1631,636.0,10.91,84914.0
1632,636.0,10.91,84966.0
1633,642.0,11.01,85017.0
1634,642.0,11.01,85069.0
1635,642.0,11.01,85122.0
1636,636.0,10.91,85174.0
1637,636.0,10.91,85226.0
1638,636.0,10.91,85278.0
1639,636.0,10.91,85330.0
1640,636.0,10.91,85383.0
1641,642.0,11.01,85434.0
1642,642.0,11.01,85486.0
1643,636.0,10.91,85538.0
1644,636.0,10.91,85591.0
1645,635.0,10.89,85643.0
1646,636.0,10.91,85695.0
1647,636.0,10.91,85747.0
1648,642.0,11.01,85798.0
1649,642.0,11.01,85851.0
1650,636.0,10.91,85903.0
1651,635.0,10.89,85955.0
1652,636.0,10.91,86007.0
1653,636.0,10.91,86060.0
1654,635.0,10.89,86112.0
1655,641.0,10.99,86163.0
1656,642.0,11.01,86215.0
1657,642.0,11.01,86267.0
1658,635.0,10.89,86320.0
1659,636.0,10.91,86372.0
1660,635.0,10.89,86424.0
1661,636.0,10.91,86476.0
1662,641.0,10.99,86528.0
1663,642.0,11.01,86580.0
1664,642.0,11.01,86632.0
1665,635.0,10.89,86684.0
1666,635.0,10.89,86736.0
1667,635.0,10.89,86789.0
1668,636.0,10.91,86841.0
1669,635.0,10.89,86893.0
1670,642.0,11.01,86944.0
1671,641.0,10.99,86996.0
1672,635.0,10.89,87049.0
1673,636.0,10.91,87101.0
1674,635.0,10.89,87153.0
1675,636.0,10.91,87205.0
1676,635.0,10.89,87258.0
1677,642.0,11.01,87309.0
1678,641.0,10.99,87361.0
1679,636.0,10.91,87413.0
1680,635.0,10.89,87465.0
1681,636.0,10.91,87518.0
1682,636.0,10.91,87570.0
1683,635.0,10.89,87622.0
1684,642.0,11.01,87673.0
1685,642.0,11.01,87726.0
1686,642.0,11.01,87778.0
1687,636.0,10.91,87830.0
1688,635.0,10.89,87882.0
1689,635.0,10.89,87934.0
1690,635.0,10.89,87987.0
1691,642.0,11.01,88039.0
1692,641.0,10.99,88090.0
1693,642.0,11.01,88142.0
1694,636.0,10.91,88195.0
1695,636.0,10.91,88247.0
1696,635.0,10.89,88299.0
1697,635.0,10.89,88351.0
1698,635.0,10.89,88403.0
1699,642.0,11.01,88455.0
1700,642.0,11.01,88507.0
1701,635.0,10.89,88559.0
1702,635.0,10.89,88611.0
1703,636.0,10.91,88664.0
1704,636.0,10.91,88716.0
1705,636.0,10.91,88768.0
1706,642.0,11.01,88819.0
1707,641.0,10.99,88871.0
1708,642.0,11.01,88924.0
1709,636.0,10.91,88976.0
1710,636.0,10.91,89028.0
1711,636.0,10.91,89080.0
1712,635.0,10.89,89133.0
1713,642.0,11.01,89184.0
1714,642.0,11.01,89236.0
1715,642.0,11.01,89288.0
1716,660.0,11.32,89340.0
1717,660.0,11.32,89393.0
1718,660.0,11.32,89445.0
1719,660.0,11.32,89497.0
1720,660.0,11.32,89549.0
1721,660.0,11.32,89602.0
