Index,deltaT_us,distance_cm,timestamp_ms
8,5794.0,99.37,461.0
9,5712.0,97.96,519.0
10,5739.0,98.42,576.0
11,5745.0,98.53,633.0
12,5744.0,98.51,690.0
13,5711.0,97.94,747.0
14,5739.0,98.42,804.0
15,5721.0,98.12,861.0
16,5744.0,98.51,918.0
17,5788.0,99.26,975.0
18,5764.0,98.85,1033.0
19,5739.0,98.42,1090.0
20,5719.0,98.08,1146.0
21,5762.0,98.82,1204.0
22,5764.0,98.85,1261.0
23,5711.0,97.94,1318.0
24,5719.0,98.08,1375.0
25,5748.0,98.58,1432.0
26,5712.0,97.96,1489.0
27,5713.0,97.98,1547.0
28,5739.0,98.42,1604.0
29,5746.0,98.54,1660.0
30,5763.0,98.84,1718.0
31,5764.0,98.85,1775.0
32,5789.0,99.28,1832.0
33,5789.0,99.28,1890.0
34,5744.0,98.51,1946.0
35,5770.0,98.96,2003.0
36,5739.0,98.42,2061.0
37,5764.0,98.85,2118.0
38,5789.0,99.28,2176.0
39,5795.0,99.38,2233.0
40,5795.0,99.38,2289.0
41,5813.0,99.69,2347.0
42,5738.0,98.41,2404.0
43,5738.0,98.41,2461.0
44,5789.0,99.28,2519.0
45,5795.0,99.38,2575.0
46,5795.0,99.38,2632.0
47,5740.0,98.44,2690.0
48,5713.0,97.98,2747.0
49,5738.0,98.41,2804.0
50,5745.0,98.53,2861.0
51,5745.0,98.53,2918.0
52,5739.0,98.42,2975.0
53,5712.0,97.96,3033.0
54,5814.0,99.71,3090.0
55,5795.0,99.38,3146.0
56,5719.0,98.08,3204.0
57,5738.0,98.41,3261.0
58,5739.0,98.42,3318.0
59,5813.0,99.69,3376.0
60,5770.0,98.96,3432.0
61,5820.0,99.81,3489.0
62,5712.0,97.96,3547.0
63,5738.0,98.41,3604.0
64,5712.0,97.96,3661.0
65,5745.0,98.53,3718.0
66,5720.0,98.1,3775.0
67,5790.0,99.3,3832.0
68,5741.0,98.46,3890.0
69,5764.0,98.85,3947.0
70,5770.0,98.96,4003.0
71,5745.0,98.53,4061.0
72,5714.0,98.0,4118.0
73,5714.0,98.0,4175.0
74,5714.0,98.0,4233.0
75,5745.0,98.53,4289.0
76,5765.0,98.87,4346.0
77,5764.0,98.85,4404.0
78,5789.0,99.28,4461.0
79,5762.0,98.82,4518.0
80,5795.0,99.38,4575.0
81,5719.0,98.08,4632.0
82,5739.0,98.42,4689.0
83,5738.0,98.41,4747.0
84,5764.0,98.85,4804.0
85,5770.0,98.96,4860.0
86,5740.0,98.44,4918.0
87,5738.0,98.41,4975.0
88,5789.0,99.28,5032.0
89,5738.0,98.41,5090.0
90,5745.0,98.53,5146.0
91,5738.0,98.41,5203.0
92,5739.0,98.42,5261.0
93,5738.0,98.41,5318.0
94,5718.0,98.06,5376.0
95,5745.0,98.53,5432.0
96,5738.0,98.41,5489.0
97,5712.0,97.96,5547.0
98,5711.0,97.94,5604.0
99,5744.0,98.51,5660.0
100,5716.0,98.03,5718.0
101,5738.0,98.41,5775.0
102,5713.0,97.98,5832.0
103,5739.0,98.42,5890.0
104,5745.0,98.53,5946.0
105,5794.0,99.37,6003.0
106,5718.0,98.06,6061.0
107,5788.0,99.26,6118.0
108,5710.0,97.93,6175.0
109,5711.0,97.94,6233.0
110,5717.0,98.05,6289.0
111,5770.0,98.96,6346.0
112,5738.0,98.41,6404.0
113,5788.0,99.26,6461.0
114,5788.0,99.26,6518.0
115,5710.0,97.93,6576.0
116,5764.0,98.85,6633.0
117,5719.0,98.08,6689.0
118,5769.0,98.94,6747.0
119,5763.0,98.84,6804.0
120,5789.0,99.28,6861.0
121,5789.0,99.28,6919.0
122,5712.0,97.96,6976.0
123,5718.0,98.06,7032.0
124,5795.0,99.38,7090.0
125,5746.0,98.54,7147.0
126,5712.0,97.96,7204.0
127,5789.0,99.28,7262.0
128,5740.0,98.44,7319.0
129,5764.0,98.85,7376.0
130,5744.0,98.51,7433.0
131,5744.0,98.51,7490.0
132,5739.0,98.42,7547.0
133,5739.0,98.42,7605.0
134,5739.0,98.42,7662.0
135,5764.0,98.85,7719.0
136,5819.0,99.8,7776.0
137,5770.0,98.96,7833.0
138,5738.0,98.41,7890.0
139,5763.0,98.84,7948.0
140,5739.0,98.42,8005.0
141,5763.0,98.84,8062.0
142,5716.0,98.03,8120.0
143,5770.0,98.96,8176.0
144,5745.0,98.53,8233.0
145,5711.0,97.94,8291.0
146,5712.0,97.96,8348.0
147,5763.0,98.84,8406.0
148,5764.0,98.85,8463.0
149,5745.0,98.53,8519.0
150,5744.0,98.51,8577.0
151,5814.0,99.71,8634.0
152,5713.0,97.98,8691.0
153,5740.0,98.44,8749.0
154,5712.0,97.96,8806.0
155,5769.0,98.94,8862.0
156,5744.0,98.51,8920.0
157,5789.0,99.28,8977.0
158,5712.0,97.96,9034.0
159,5713.0,97.98,9092.0
160,5740.0,98.44,9149.0
161,5719.0,98.08,9205.0
162,5718.0,98.06,9263.0
163,5790.0,99.3,9320.0
164,5764.0,98.85,9377.0
165,5739.0,98.42,9435.0
166,5740.0,98.44,9492.0
167,5719.0,98.08,9548.0
168,5747.0,98.56,9606.0
169,5765.0,98.87,9663.0
170,5789.0,99.28,9720.0
171,5739.0,98.42,9778.0
172,5790.0,99.3,9835.0
173,5789.0,99.28,9892.0
174,5720.0,98.1,9949.0
175,5794.0,99.37,10006.0
176,5737.0,98.39,10063.0
177,5739.0,98.42,10121.0
178,5739.0,98.42,10178.0
179,5739.0,98.42,10235.0
180,5764.0,98.85,10293.0
181,5738.0,98.41,10350.0
182,5768.0,98.92,10406.0
183,5795.0,99.38,10464.0
184,5743.0,98.49,10521.0
185,5738.0,98.41,10578.0
186,5738.0,98.41,10636.0
187,5740.0,98.44,10693.0
188,5763.0,98.84,10750.0
189,5737.0,98.39,10808.0
190,5743.0,98.49,10865.0
191,5794.0,99.37,10921.0
192,5744.0,98.51,10979.0
193,5743.0,98.49,11036.0
194,5738.0,98.41,11094.0
195,5763.0,98.84,11151.0
196,5737.0,98.39,11208.0
197,5762.0,98.82,11266.0
198,5762.0,98.82,11323.0
199,5744.0,98.51,11380.0
200,5717.0,98.05,11437.0
201,5793.0,99.35,11494.0
202,5763.0,98.84,11551.0
203,5738.0,98.41,11609.0
204,5712.0,97.96,11666.0
205,5737.0,98.39,11723.0
206,5763.0,98.84,11781.0
207,5763.0,98.84,11838.0
208,5743.0,98.49,11894.0
209,5768.0,98.92,11952.0
210,5745.0,98.53,12009.0
211,5738.0,98.41,12066.0
212,5739.0,98.42,12124.0
213,5788.0,99.26,12181.0
214,5712.0,97.96,12238.0
215,5738.0,98.41,12296.0
216,5788.0,99.26,12353.0
217,5719.0,98.08,12409.0
218,5720.0,98.1,12467.0
219,5740.0,98.44,12524.0
220,5738.0,98.41,12581.0
221,5762.0,98.82,12639.0
222,5763.0,98.84,12696.0
223,5738.0,98.41,12753.0
224,5713.0,97.98,12811.0
225,5770.0,98.96,12867.0
226,5746.0,98.54,12924.0
227,5745.0,98.53,12982.0
228,5764.0,98.85,13039.0
229,5714.0,98.0,13096.0
230,5740.0,98.44,13154.0
231,5764.0,98.85,13211.0
232,5713.0,97.98,13268.0
233,5796.0,99.4,13325.0
234,5719.0,98.08,13382.0
235,5745.0,98.53,13440.0
236,5715.0,98.01,13497.0
237,5789.0,99.28,13554.0
238,5739.0,98.42,13612.0
239,5713.0,97.98,13669.0
240,5712.0,97.96,13726.0
241,5795.0,99.38,13783.0
242,5745.0,98.53,13840.0
243,5795.0,99.38,13897.0
244,5737.0,98.39,13955.0
245,5741.0,98.46,14012.0
246,5713.0,97.98,14069.0
247,5738.0,98.41,14127.0
248,5738.0,98.41,14184.0
249,5745.0,98.53,14240.0
250,5743.0,98.49,14298.0
251,5718.0,98.06,14355.0
252,5738.0,98.41,14412.0
253,5788.0,99.26,14470.0
254,5787.0,99.25,14527.0
255,5711.0,97.94,14584.0
256,5788.0,99.26,14642.0
257,5737.0,98.39,14699.0
258,5717.0,98.05,14755.0
259,5744.0,98.51,14813.0
260,5766.0,98.89,14870.0
261,5787.0,99.25,14927.0
262,5787.0,99.25,14985.0
263,5737.0,98.39,15042.0
264,5710.0,97.93,15099.0
265,5760.0,98.78,15157.0
266,5737.0,98.39,15214.0
267,5716.0,98.03,15270.0
268,5793.0,99.35,15328.0
269,5717.0,98.05,15385.0
270,5737.0,98.39,15442.0
271,5787.0,99.25,15500.0
272,5736.0,98.37,15557.0
273,5760.0,98.78,15614.0
274,5737.0,98.39,15672.0
275,5787.0,99.25,15729.0
276,5717.0,98.05,15785.0
277,5744.0,98.51,15843.0
278,5787.0,99.25,15900.0
279,5787.0,99.25,15958.0
280,5737.0,98.39,16015.0
281,5712.0,97.96,16072.0
282,5786.0,99.23,16130.0
283,5738.0,98.41,16187.0
284,5743.0,98.49,16244.0
285,5717.0,98.05,16301.0
286,5743.0,98.49,16358.0
287,5763.0,98.84,16415.0
288,5710.0,97.93,16473.0
289,5762.0,98.82,16530.0
290,5788.0,99.26,16587.0
291,5787.0,99.25,16645.0
292,5712.0,97.96,16702.0
293,5793.0,99.35,16758.0
294,5716.0,98.03,16816.0
295,5791.0,99.32,16873.0
296,5762.0,98.82,16930.0
297,5736.0,98.37,16988.0
298,5738.0,98.41,17045.0
299,5737.0,98.39,17102.0
300,5812.0,99.68,17160.0
301,5737.0,98.39,17217.0
302,5769.0,98.94,17273.0
303,5767.0,98.9,17331.0
304,5747.0,98.56,17388.0
305,5787.0,99.25,17445.0
306,5711.0,97.94,17503.0
307,5710.0,97.93,17560.0
308,5788.0,99.26,17617.0
309,5712.0,97.96,17675.0
310,5714.0,98.0,17732.0
311,5719.0,98.08,17788.0
312,5718.0,98.06,17846.0
313,5763.0,98.84,17903.0
314,5762.0,98.82,17960.0
315,5739.0,98.42,18018.0
316,5739.0,98.42,18075.0
317,5712.0,97.96,18132.0
318,5719.0,98.08,18189.0
319,5794.0,99.37,18246.0
320,5744.0,98.51,18304.0
321,5788.0,99.26,18361.0
322,5712.0,97.96,18418.0
323,5788.0,99.26,18476.0
324,5712.0,97.96,18533.0
325,5738.0,98.41,18590.0
326,5785.0,99.21,18648.0
327,5766.0,98.89,18705.0
328,5793.0,99.35,18761.0
329,5793.0,99.35,18819.0
330,5745.0,98.53,18876.0
331,5738.0,98.41,18933.0
332,5737.0,98.39,18991.0
333,5737.0,98.39,19048.0
334,5787.0,99.25,19105.0
335,5739.0,98.42,19163.0
336,5787.0,99.25,19220.0
337,5718.0,98.06,19276.0
338,5768.0,98.92,19334.0
339,5767.0,98.9,19391.0
340,5787.0,99.25,19448.0
341,5787.0,99.25,19506.0
342,5711.0,97.94,19563.0
343,5711.0,97.94,19620.0
344,5710.0,97.93,19678.0
345,5718.0,98.06,19734.0
346,5743.0,98.49,19791.0
347,5768.0,98.92,19849.0
348,5787.0,99.25,19906.0
349,5787.0,99.25,19963.0
350,5711.0,97.94,20021.0
351,5760.0,98.78,20078.0
352,5737.0,98.39,20135.0
353,5737.0,98.39,20193.0
354,5768.0,98.92,20249.0
355,5766.0,98.89,20306.0
356,5742.0,98.48,20364.0
357,5760.0,98.78,20421.0
358,5787.0,99.25,20478.0
359,5737.0,98.39,20536.0
360,5709.0,97.91,20593.0
361,5737.0,98.39,20651.0
362,5717.0,98.05,20708.0
363,5715.0,98.01,20764.0
364,5792.0,99.33,20822.0
365,5786.0,99.23,20879.0
366,5786.0,99.23,20936.0
367,5710.0,97.93,20994.0
368,5736.0,98.37,21051.0
369,5737.0,98.39,21108.0
370,5709.0,97.91,21166.0
371,5716.0,98.03,21222.0
372,5765.0,98.87,21279.0
373,5717.0,98.05,21337.0
374,5786.0,99.23,21394.0
375,5710.0,97.93,21451.0
376,5711.0,97.94,21509.0
377,5736.0,98.37,21566.0
378,5735.0,98.36,21623.0
379,5792.0,99.33,21680.0
380,5717.0,98.05,21737.0
381,5766.0,98.89,21794.0
382,5761.0,98.8,21852.0
383,5708.0,97.89,21909.0
384,5786.0,99.23,21966.0
385,5735.0,98.36,22024.0
386,5760.0,98.78,22081.0
387,5716.0,98.03,22137.0
388,5716.0,98.03,22195.0
389,5717.0,98.05,22252.0
390,5735.0,98.36,22309.0
391,5786.0,99.23,22367.0
392,5759.0,98.77,22424.0
393,5709.0,97.91,22481.0
394,5714.0,98.0,22539.0
395,5792.0,99.33,22595.0
396,5767.0,98.9,22652.0
397,5765.0,98.87,22710.0
398,5736.0,98.37,22767.0
399,5736.0,98.37,22824.0
400,5710.0,97.93,22882.0
401,5711.0,97.94,22939.0
402,5786.0,99.23,22996.0
403,5716.0,98.03,23053.0
404,5792.0,99.33,23110.0
405,5742.0,98.48,23168.0
406,5737.0,98.39,23225.0
407,5735.0,98.36,23282.0
408,5736.0,98.37,23340.0
409,5710.0,97.93,23397.0
410,5709.0,97.91,23454.0
411,5766.0,98.89,23511.0
412,5716.0,98.03,23568.0
413,5743.0,98.49,23625.0
414,5786.0,99.23,23683.0
415,5710.0,97.93,23740.0
416,5786.0,99.23,23797.0
417,5786.0,99.23,23855.0
418,5710.0,97.93,23912.0
419,5760.0,98.78,23969.0
420,5742.0,98.48,24026.0
421,5743.0,98.49,24083.0
422,5716.0,98.03,24140.0
423,5759.0,98.77,24198.0
424,5710.0,97.93,24255.0
425,5710.0,97.93,24312.0
426,5736.0,98.37,24370.0
427,5785.0,99.21,24427.0
428,5716.0,98.03,24483.0
429,5793.0,99.35,24541.0
430,5715.0,98.01,24598.0
431,5786.0,99.23,24655.0
432,5759.0,98.77,24713.0
433,5760.0,98.78,24770.0
434,5710.0,97.93,24827.0
435,5736.0,98.37,24885.0
436,5717.0,98.05,24941.0
437,5792.0,99.33,24998.0
438,5790.0,99.3,25056.0
439,5742.0,98.48,25113.0
440,5786.0,99.23,25170.0
441,5736.0,98.37,25228.0
442,5710.0,97.93,25285.0
443,5762.0,98.82,25342.0
444,5710.0,97.93,25400.0
445,5767.0,98.9,25456.0
446,5816.0,99.74,25513.0
447,5715.0,98.01,25571.0
448,5709.0,97.91,25628.0
449,5786.0,99.23,25686.0
450,5737.0,98.39,25743.0
451,5711.0,97.94,25800.0
452,5736.0,98.37,25858.0
453,5786.0,99.23,25915.0
454,5716.0,98.03,25971.0
455,5766.0,98.89,26029.0
456,5786.0,99.23,26086.0
457,5786.0,99.23,26143.0
458,5711.0,97.94,26201.0
459,5736.0,98.37,26258.0
460,5737.0,98.39,26315.0
461,5759.0,98.77,26373.0
462,5765.0,98.87,26429.0
463,5743.0,98.49,26486.0
464,5742.0,98.48,26544.0
465,5736.0,98.37,26601.0
466,5710.0,97.93,26658.0
467,5711.0,97.94,26716.0
468,5786.0,99.23,26773.0
469,5759.0,98.77,26830.0
470,5742.0,98.48,26888.0
471,5717.0,98.05,26944.0
472,5766.0,98.89,27001.0
473,5787.0,99.25,27059.0
474,5760.0,98.78,27116.0
475,5737.0,98.39,27173.0
476,5712.0,97.96,27231.0
477,5736.0,98.37,27288.0
478,5736.0,98.37,27345.0
479,5742.0,98.48,27402.0
480,5716.0,98.03,27459.0
481,5786.0,99.23,27516.0
482,5736.0,98.37,27574.0
483,5711.0,97.94,27631.0
484,5736.0,98.37,27688.0
485,5710.0,97.93,27746.0
486,5760.0,98.78,27803.0
487,5716.0,98.03,27859.0
488,5718.0,98.06,27917.0
489,5737.0,98.39,27974.0
490,5786.0,99.23,28032.0
491,5710.0,97.93,28089.0
492,5710.0,97.93,28146.0
493,5786.0,99.23,28204.0
494,5743.0,98.49,28261.0
495,5716.0,98.03,28317.0
496,5741.0,98.46,28375.0
497,5711.0,97.94,28432.0
498,5711.0,97.94,28489.0
499,5709.0,97.91,28547.0
500,5736.0,98.37,28604.0
501,5736.0,98.37,28661.0
502,5767.0,98.9,28718.0
503,5741.0,98.46,28775.0
504,5718.0,98.06,28832.0
505,5736.0,98.37,28890.0
506,5786.0,99.23,28947.0
507,5711.0,97.94,29004.0
508,5737.0,98.39,29062.0
509,5736.0,98.37,29119.0
510,5742.0,98.48,29175.0
511,5792.0,99.33,29233.0
512,5715.0,98.01,29290.0
513,5736.0,98.37,29347.0
514,5737.0,98.39,29405.0
515,5709.0,97.91,29462.0
516,5761.0,98.8,29519.0
517,5714.0,98.0,29577.0
518,5742.0,98.48,29633.0
519,5742.0,98.48,29690.0
520,5783.0,99.18,29748.0
521,5786.0,99.23,29805.0
522,5761.0,98.8,29862.0
523,5710.0,97.93,29920.0
524,5738.0,98.41,29977.0
525,5736.0,98.37,30034.0
526,5742.0,98.48,30091.0
527,5715.0,98.01,30148.0
528,5743.0,98.49,30205.0
529,5738.0,98.41,30263.0
530,5786.0,99.23,30320.0
531,5741.0,98.46,30377.0
532,5787.0,99.25,30435.0
533,5709.0,97.91,30492.0
534,5742.0,98.48,30550.0
535,5744.0,98.51,30606.0
536,5717.0,98.05,30663.0
537,5786.0,99.23,30721.0
538,5710.0,97.93,30778.0
539,5760.0,98.78,30835.0
540,5735.0,98.36,30893.0
541,5737.0,98.39,30950.0
542,5737.0,98.39,31007.0
543,5766.0,98.89,31064.0
544,5715.0,98.01,31121.0
545,5760.0,98.78,31178.0
546,5761.0,98.8,31236.0
547,5787.0,99.25,31293.0
548,5786.0,99.23,31350.0
549,5710.0,97.93,31408.0
550,5709.0,97.91,31465.0
551,5786.0,99.23,31522.0
552,5716.0,98.03,31579.0
553,5742.0,98.48,31636.0
554,5760.0,98.78,31693.0
555,5786.0,99.23,31751.0
556,5760.0,98.78,31808.0
557,5710.0,97.93,31865.0
558,5762.0,98.82,31923.0
559,5713.0,97.98,31980.0
560,5715.0,98.01,32036.0
561,5766.0,98.89,32094.0
562,5715.0,98.01,32151.0
563,5738.0,98.41,32208.0
564,5708.0,97.89,32266.0
565,5785.0,99.21,32323.0
566,5736.0,98.37,32380.0
567,5787.0,99.25,32438.0
568,5716.0,98.03,32494.0
569,5793.0,99.35,32551.0
570,5716.0,98.03,32609.0
571,5737.0,98.39,32666.0
572,5710.0,97.93,32723.0
573,5736.0,98.37,32781.0
574,5737.0,98.39,32838.0
575,5735.0,98.36,32896.0
576,5792.0,99.33,32952.0
577,5741.0,98.46,33009.0
578,5715.0,98.01,33067.0
579,5786.0,99.23,33124.0
580,5786.0,99.23,33181.0
581,5735.0,98.36,33239.0
582,5710.0,97.93,33296.0
583,5760.0,98.78,33353.0
584,5737.0,98.39,33411.0
585,5792.0,99.33,33467.0
586,5742.0,98.48,33524.0
587,5742.0,98.48,33582.0
588,5760.0,98.78,33639.0
589,5709.0,97.91,33696.0
590,5736.0,98.37,33754.0
591,5736.0,98.37,33811.0
592,5786.0,99.23,33868.0
593,5743.0,98.49,33925.0
594,5766.0,98.89,33982.0
595,5767.0,98.9,34039.0
596,5737.0,98.39,34097.0
597,5738.0,98.41,34154.0
598,5711.0,97.94,34211.0
599,5712.0,97.96,34269.0
600,5738.0,98.41,34326.0
601,5745.0,98.53,34382.0
602,5793.0,99.35,34440.0
603,5743.0,98.49,34497.0
604,5743.0,98.49,34554.0
605,5737.0,98.39,34612.0
606,5711.0,97.94,34669.0
607,5787.0,99.25,34726.0
608,5712.0,97.96,34784.0
609,5711.0,97.94,34841.0
610,5717.0,98.05,34897.0
611,5767.0,98.9,34955.0
612,5711.0,97.94,35012.0
613,5737.0,98.39,35069.0
614,5712.0,97.96,35127.0
615,5712.0,97.96,35184.0
616,5737.0,98.39,35241.0
617,5767.0,98.9,35298.0
618,5718.0,98.06,35355.0
619,5745.0,98.53,35412.0
620,5787.0,99.25,35470.0
621,5788.0,99.26,35527.0
622,5787.0,99.25,35585.0
623,5739.0,98.42,35642.0
624,5788.0,99.26,35699.0
625,5713.0,97.98,35757.0
626,5745.0,98.53,35814.0
627,5723.0,98.15,35870.0
628,5768.0,98.92,35928.0
629,5738.0,98.41,35985.0
630,5738.0,98.41,36042.0
631,5788.0,99.26,36100.0
632,5788.0,99.26,36157.0
633,5738.0,98.41,36214.0
634,5713.0,97.98,36272.0
635,5718.0,98.06,36328.0
636,5744.0,98.51,36385.0
637,5719.0,98.08,36443.0
638,5739.0,98.42,36500.0
639,5716.0,98.03,36557.0
640,5712.0,97.96,36615.0
641,5737.0,98.39,36672.0
642,5743.0,98.49,36729.0
643,5717.0,98.05,36786.0
644,5744.0,98.51,36843.0
645,5712.0,97.96,36900.0
646,5736.0,98.37,36958.0
647,5737.0,98.39,37015.0
648,5710.0,97.93,37072.0
649,5760.0,98.78,37130.0
650,5743.0,98.49,37186.0
651,5743.0,98.49,37243.0
652,5742.0,98.48,37301.0
653,5711.0,97.94,37358.0
654,5787.0,99.25,37415.0
655,5787.0,99.25,37473.0
656,5760.0,98.78,37530.0
657,5738.0,98.41,37587.0
658,5736.0,98.37,37645.0
659,5767.0,98.9,37701.0
660,5718.0,98.06,37758.0
661,5712.0,97.96,37816.0
662,5710.0,97.93,37873.0
663,5738.0,98.41,37931.0
664,5737.0,98.39,37988.0
665,5738.0,98.41,38045.0
666,5717.0,98.05,38102.0
667,5717.0,98.05,38159.0
668,5744.0,98.51,38216.0
669,5737.0,98.39,38274.0
670,5737.0,98.39,38331.0
671,5712.0,97.96,38388.0
672,5787.0,99.25,38446.0
673,5711.0,97.94,38503.0
674,5719.0,98.08,38559.0
675,5743.0,98.49,38617.0
676,5712.0,97.96,38674.0
677,5761.0,98.8,38731.0
678,5711.0,97.94,38789.0
679,5738.0,98.41,38846.0
680,5738.0,98.41,38903.0
681,5718.0,98.06,38960.0
682,5719.0,98.08,39017.0
683,5767.0,98.9,39074.0
684,5739.0,98.42,39132.0
685,5761.0,98.8,39189.0
686,5738.0,98.41,39246.0
687,5737.0,98.39,39304.0
688,5787.0,99.25,39361.0
689,5787.0,99.25,39418.0
690,5716.0,98.03,39475.0
691,5720.0,98.1,39532.0
692,5717.0,98.05,39589.0
693,5709.0,97.91,39647.0
694,5737.0,98.39,39704.0
695,5737.0,98.39,39761.0
696,5787.0,99.25,39819.0
697,5760.0,98.78,39876.0
698,5717.0,98.05,39932.0
699,5793.0,99.35,39990.0
700,5743.0,98.49,40047.0
701,5761.0,98.8,40104.0
702,5737.0,98.39,40162.0
703,5787.0,99.25,40219.0
704,5738.0,98.41,40276.0
705,5710.0,97.93,40334.0
706,5744.0,98.51,40391.0
707,5744.0,98.51,40448.0
708,5718.0,98.06,40505.0
709,5787.0,99.25,40562.0
710,5711.0,97.94,40620.0
711,5761.0,98.8,40677.0
712,5738.0,98.41,40734.0
713,5788.0,99.26,40792.0
714,5738.0,98.41,40849.0
715,5770.0,98.96,40906.0
716,5719.0,98.08,40963.0
717,5745.0,98.53,41020.0
718,5714.0,98.0,41077.0
719,5712.0,97.96,41135.0
720,5738.0,98.41,41192.0
721,5712.0,97.96,41249.0
722,5762.0,98.82,41307.0
723,5768.0,98.92,41363.0
724,5718.0,98.06,41420.0
725,5745.0,98.53,41478.0
726,5787.0,99.25,41535.0
727,5716.0,98.03,41592.0
728,5739.0,98.42,41650.0
729,5787.0,99.25,41707.0
730,5761.0,98.8,41764.0
731,5739.0,98.42,41822.0
732,5718.0,98.06,41878.0
733,5718.0,98.06,41935.0
734,5712.0,97.96,41993.0
735,5738.0,98.41,42050.0
736,5711.0,97.94,42107.0
737,5711.0,97.94,42165.0
738,5737.0,98.39,42222.0
739,5716.0,98.03,42278.0
740,5717.0,98.05,42336.0
741,5761.0,98.8,42393.0
742,5761.0,98.8,42450.0
743,5785.0,99.21,42508.0
744,5737.0,98.39,42565.0
745,5712.0,97.96,42622.0
746,5761.0,98.8,42680.0
747,5719.0,98.08,42736.0
748,5745.0,98.53,42793.0
749,5712.0,97.96,42851.0
750,5717.0,98.05,42908.0
751,5712.0,97.96,42966.0
752,5712.0,97.96,43023.0
753,5718.0,98.06,43080.0
754,5720.0,98.1,43137.0
755,5769.0,98.94,43194.0
756,5738.0,98.41,43251.0
757,5713.0,97.98,43309.0
758,5713.0,97.98,43366.0
759,5739.0,98.42,43423.0
760,5788.0,99.26,43481.0
761,5739.0,98.42,43538.0
762,5717.0,98.05,43594.0
763,5719.0,98.08,43652.0
764,5713.0,97.98,43709.0
765,5738.0,98.41,43766.0
766,5788.0,99.26,43824.0
767,5761.0,98.8,43881.0
768,5738.0,98.41,43938.0
769,5742.0,98.48,43996.0
770,5794.0,99.37,44052.0
771,5744.0,98.51,44109.0
772,5744.0,98.51,44167.0
773,5738.0,98.41,44224.0
774,5788.0,99.26,44281.0
775,5788.0,99.26,44339.0
776,5739.0,98.42,44396.0
777,5789.0,99.28,44453.0
778,5763.0,98.84,44511.0
779,5761.0,98.8,44568.0
780,5744.0,98.51,44624.0
781,5744.0,98.51,44682.0
782,5789.0,99.28,44739.0
783,5761.0,98.8,44796.0
784,5737.0,98.39,44854.0
785,5737.0,98.39,44911.0
786,5737.0,98.39,44968.0
787,5711.0,97.94,45026.0
788,5718.0,98.06,45082.0
789,5718.0,98.06,45139.0
790,5738.0,98.41,45197.0
791,5712.0,97.96,45254.0
792,5712.0,97.96,45312.0
793,5737.0,98.39,45369.0
794,5738.0,98.41,45426.0
795,5717.0,98.05,45483.0
796,5745.0,98.53,45540.0
797,5718.0,98.06,45597.0
798,5738.0,98.41,45655.0
799,5737.0,98.39,45712.0
800,5712.0,97.96,45769.0
801,5737.0,98.39,45827.0
802,5718.0,98.06,45884.0
803,5744.0,98.51,45940.0
804,5793.0,99.35,45998.0
805,5768.0,98.92,46055.0
806,5712.0,97.96,46112.0
807,5762.0,98.82,46170.0
808,5711.0,97.94,46227.0
809,5762.0,98.82,46284.0
810,5738.0,98.41,46342.0
811,5767.0,98.9,46398.0
812,5744.0,98.51,46455.0
813,5716.0,98.03,46513.0
814,5787.0,99.25,46570.0
815,5763.0,98.84,46627.0
816,5739.0,98.42,46685.0
817,5737.0,98.39,46742.0
818,5788.0,99.26,46799.0
819,5738.0,98.41,46857.0
820,5744.0,98.51,46913.0
821,5718.0,98.06,46970.0
822,5744.0,98.51,47028.0
823,5787.0,99.25,47085.0
824,5760.0,98.78,47142.0
825,5710.0,97.93,47200.0
826,5710.0,97.93,47257.0
827,5787.0,99.25,47314.0
828,5717.0,98.05,47371.0
829,5768.0,98.92,47428.0
830,5767.0,98.9,47485.0
831,5761.0,98.8,47543.0
832,5737.0,98.39,47600.0
833,5712.0,97.96,47657.0
834,5787.0,99.25,47715.0
835,5787.0,99.25,47772.0
836,5737.0,98.39,47830.0
837,5716.0,98.03,47886.0
838,5745.0,98.53,47943.0
839,5717.0,98.05,48001.0
840,5787.0,99.25,48058.0
841,5710.0,97.93,48115.0
842,5712.0,97.96,48173.0
843,5761.0,98.8,48230.0
844,5760.0,98.78,48287.0
845,5792.0,99.33,48345.0
846,5715.0,98.01,48401.0
847,5717.0,98.05,48458.0
848,5786.0,99.23,48516.0
849,5736.0,98.37,48573.0
850,5736.0,98.37,48630.0
851,5710.0,97.93,48688.0
852,5737.0,98.39,48745.0
853,5742.0,98.48,48801.0
854,5767.0,98.9,48859.0
855,5742.0,98.48,48916.0
856,5709.0,97.91,48973.0
857,5786.0,99.23,49031.0
858,5709.0,97.91,49088.0
859,5734.0,98.34,49145.0
860,5736.0,98.37,49203.0
861,5766.0,98.89,49259.0
862,5791.0,99.32,49316.0
863,5714.0,98.0,49374.0
864,5735.0,98.36,49431.0
865,5735.0,98.36,49488.0
866,5785.0,99.21,49546.0
867,5739.0,98.42,49603.0
868,5736.0,98.37,49660.0
869,5736.0,98.37,49718.0
870,5716.0,98.03,49774.0
871,5765.0,98.87,49831.0
872,5765.0,98.87,49889.0
873,5735.0,98.36,49946.0
874,5737.0,98.39,50003.0
875,5735.0,98.36,50061.0
876,5708.0,97.89,50118.0
877,5715.0,98.01,50176.0
878,5741.0,98.46,50232.0
879,5719.0,98.08,50289.0
880,5734.0,98.34,50347.0
881,5708.0,97.89,50404.0
882,5736.0,98.37,50461.0
883,5758.0,98.75,50519.0
884,5734.0,98.34,50576.0
885,5741.0,98.46,50632.0
886,5741.0,98.46,50690.0
887,5766.0,98.89,50747.0
888,5785.0,99.21,50804.0
889,5784.0,99.2,50862.0
890,5735.0,98.36,50919.0
891,5785.0,99.21,50976.0
892,5707.0,97.88,51034.0
893,5735.0,98.36,51091.0
894,5740.0,98.44,51147.0
895,5764.0,98.85,51205.0
896,5791.0,99.32,51262.0
897,5715.0,98.01,51319.0
898,5760.0,98.78,51377.0
899,5708.0,97.89,51434.0
900,5709.0,97.91,51491.0
901,5735.0,98.36,51549.0
902,5741.0,98.46,51605.0
903,5740.0,98.44,51662.0
904,5765.0,98.87,51720.0
905,5785.0,99.21,51777.0
906,5735.0,98.36,51834.0
907,5760.0,98.78,51892.0
908,5735.0,98.36,51949.0
909,5786.0,99.23,52006.0
910,5709.0,97.91,52064.0
911,5786.0,99.23,52121.0
912,5767.0,98.9,52177.0
913,5741.0,98.46,52235.0
914,5743.0,98.49,52292.0
915,5736.0,98.37,52349.0
916,5713.0,97.98,52407.0
917,5737.0,98.39,52464.0
918,5786.0,99.23,52521.0
919,5710.0,97.93,52579.0
920,5716.0,98.03,52635.0
921,5720.0,98.1,52692.0
922,5737.0,98.39,52750.0
923,5711.0,97.94,52807.0
924,5736.0,98.37,52865.0
925,5738.0,98.41,52922.0
926,5716.0,98.03,52979.0
927,5765.0,98.87,53036.0
928,5742.0,98.48,53093.0
929,5721.0,98.12,53150.0
930,5710.0,97.93,53208.0
931,5762.0,98.82,53265.0
932,5787.0,99.25,53322.0
933,5711.0,97.94,53380.0
934,5712.0,97.96,53437.0
935,5794.0,99.37,53493.0
936,5721.0,98.12,53551.0
937,5721.0,98.12,53608.0
938,5737.0,98.39,53665.0
939,5737.0,98.39,53723.0
940,5737.0,98.39,53780.0
941,5738.0,98.41,53837.0
942,5737.0,98.39,53895.0
943,5767.0,98.9,53951.0
944,5719.0,98.08,54008.0
945,5793.0,99.35,54066.0
946,5762.0,98.82,54123.0
947,5712.0,97.96,54180.0
948,5738.0,98.41,54238.0
949,5711.0,97.94,54295.0
950,5786.0,99.23,54352.0
951,5760.0,98.78,54410.0
952,5716.0,98.03,54466.0
953,5719.0,98.08,54523.0
954,5710.0,97.93,54581.0
955,5737.0,98.39,54638.0
956,5714.0,98.0,54695.0
957,5711.0,97.94,54753.0
958,5718.0,98.06,54810.0
959,5768.0,98.92,54866.0
960,5743.0,98.49,54924.0
961,5737.0,98.39,54981.0
962,5736.0,98.37,55038.0
963,5709.0,97.91,55096.0
964,5710.0,97.93,55153.0
965,5709.0,97.91,55211.0
966,5717.0,98.05,55267.0
967,5715.0,98.01,55324.0
968,5761.0,98.8,55382.0
969,5710.0,97.93,55439.0
970,5708.0,97.89,55496.0
971,5758.0,98.75,55554.0
972,5785.0,99.21,55611.0
973,5710.0,97.93,55668.0
974,5764.0,98.85,55725.0
975,5741.0,98.46,55782.0
976,5764.0,98.85,55839.0
977,5760.0,98.78,55897.0
978,5758.0,98.75,55954.0
979,5710.0,97.93,56011.0
980,5734.0,98.34,56069.0
981,5758.0,98.75,56126.0
982,5785.0,99.21,56183.0
983,5741.0,98.46,56240.0
984,5766.0,98.89,56297.0
985,5791.0,99.32,56354.0
986,5759.0,98.77,56412.0
987,5709.0,97.91,56469.0
988,5708.0,97.89,56526.0
989,5784.0,99.2,56584.0
990,5760.0,98.78,56641.0
991,5757.0,98.73,56698.0
992,5741.0,98.46,56755.0
993,5741.0,98.46,56812.0
994,5709.0,97.91,56869.0
995,5708.0,97.89,56927.0
996,5708.0,97.89,56984.0
997,5708.0,97.89,57041.0
998,5784.0,99.2,57099.0
999,5764.0,98.85,57155.0
1000,5714.0,98.0,57212.0
1001,5714.0,98.0,57270.0
1002,5757.0,98.73,57327.0
1003,5735.0,98.36,57384.0
1004,5759.0,98.77,57442.0
1005,5758.0,98.75,57499.0
1006,5709.0,97.91,57556.0
1007,5784.0,99.2,57614.0
1008,5785.0,99.21,57671.0
1009,5709.0,97.91,57729.0
1010,5734.0,98.34,57786.0
1011,5740.0,98.44,57842.0
1012,5740.0,98.44,57900.0
1013,5741.0,98.46,57957.0
1014,5741.0,98.46,58014.0
1015,5789.0,99.28,58072.0
1016,5781.0,99.14,58129.0
1017,5708.0,97.89,58186.0
1018,5758.0,98.75,58244.0
1019,5734.0,98.34,58301.0
1020,5758.0,98.75,58358.0
1021,5733.0,98.32,58416.0
1022,5709.0,97.91,58473.0
1023,5784.0,99.2,58530.0
1024,5734.0,98.34,58588.0
1025,5790.0,99.3,58645.0
1026,5718.0,98.06,58701.0
1027,5787.0,99.25,58759.0
1028,5791.0,99.32,58816.0
1029,5790.0,99.3,58873.0
1030,5715.0,98.01,58931.0
1031,5758.0,98.75,58988.0
1032,5710.0,97.93,59045.0
1033,5708.0,97.89,59103.0
1034,5758.0,98.75,59160.0
1035,5759.0,98.77,59217.0
1036,5708.0,97.89,59275.0
1037,5735.0,98.36,59332.0
1038,5713.0,97.98,59388.0
1039,5764.0,98.85,59446.0
1040,5714.0,98.0,59503.0
1041,5790.0,99.3,59560.0
1042,5740.0,98.44,59618.0
1043,5733.0,98.32,59675.0
1044,5708.0,97.89,59732.0
1045,5734.0,98.34,59790.0
1046,5707.0,97.88,59847.0
1047,5707.0,97.88,59905.0
1048,5708.0,97.89,59962.0
1049,5741.0,98.46,60018.0
1050,5765.0,98.87,60076.0
1051,5715.0,98.01,60133.0
1052,5714.0,98.0,60190.0
1053,5759.0,98.77,60248.0
1054,5734.0,98.34,60305.0
1055,5734.0,98.34,60362.0
1056,5734.0,98.34,60420.0
1057,5734.0,98.34,60477.0
1058,5735.0,98.36,60534.0
1059,5784.0,99.2,60592.0
1060,5735.0,98.36,60649.0
1061,5715.0,98.01,60706.0
1062,5764.0,98.85,60763.0
1063,5741.0,98.46,60820.0
1064,5764.0,98.85,60877.0
1065,5741.0,98.46,60935.0
1066,5758.0,98.75,60992.0
1067,5709.0,97.91,61049.0
1068,5709.0,97.91,61107.0
1069,5711.0,97.94,61164.0
1070,5758.0,98.75,61221.0
1071,5711.0,97.94,61279.0
1072,5710.0,97.93,61336.0
1073,5714.0,98.0,61392.0
1074,5764.0,98.85,61450.0
1075,5715.0,98.01,61507.0
1076,5764.0,98.85,61564.0
1077,5711.0,97.94,61622.0
1078,5735.0,98.36,61679.0
1079,5758.0,98.75,61736.0
1080,5758.0,98.75,61794.0
1081,5710.0,97.93,61851.0
1082,5735.0,98.36,61908.0
1083,5736.0,98.37,61966.0
1084,5714.0,98.0,62023.0
1085,5740.0,98.44,62080.0
1086,5741.0,98.46,62137.0
1087,5741.0,98.46,62194.0
1088,5715.0,98.01,62252.0
1089,5785.0,99.21,62309.0
1090,5711.0,97.94,62366.0
1091,5708.0,97.89,62424.0
1092,5735.0,98.36,62481.0
1093,5735.0,98.36,62538.0
1094,5784.0,99.2,62596.0
1095,5710.0,97.93,62653.0
1096,5714.0,98.0,62709.0
1097,5741.0,98.46,62767.0
1098,5741.0,98.46,62824.0
1099,5719.0,98.08,62881.0
1100,5709.0,97.91,62939.0
1101,5736.0,98.37,62996.0
1102,5708.0,97.89,63053.0
1103,5737.0,98.39,63111.0
1104,5735.0,98.36,63168.0
1105,5709.0,97.91,63225.0
1106,5759.0,98.77,63283.0
1107,5741.0,98.46,63339.0
1108,5741.0,98.46,63396.0
1109,5788.0,99.26,63454.0
1110,5741.0,98.46,63511.0
1111,5742.0,98.48,63568.0
1112,5709.0,97.91,63626.0
1113,5734.0,98.34,63683.0
1114,5707.0,97.88,63740.0
1115,5785.0,99.21,63798.0
1116,5735.0,98.36,63855.0
1117,5785.0,99.21,63912.0
1118,5758.0,98.75,63970.0
1119,5710.0,97.93,64027.0
1120,5715.0,98.01,64084.0
1121,5715.0,98.01,64141.0
1122,5740.0,98.44,64198.0
1123,5741.0,98.46,64256.0
1124,5760.0,98.78,64313.0
1125,5785.0,99.21,64370.0
1126,5734.0,98.34,64428.0
1127,5709.0,97.91,64485.0
1128,5758.0,98.75,64542.0
1129,5735.0,98.36,64600.0
1130,5709.0,97.91,64657.0
1131,5736.0,98.37,64714.0
1132,5741.0,98.46,64772.0
1133,5764.0,98.85,64828.0
1134,5715.0,98.01,64885.0
1135,5716.0,98.03,64943.0
1136,5735.0,98.36,65000.0
1137,5713.0,97.98,65057.0
1138,5759.0,98.77,65115.0
1139,5759.0,98.77,65172.0
1140,5737.0,98.39,65229.0
1141,5785.0,99.21,65287.0
1142,5785.0,99.21,65344.0
1143,5737.0,98.39,65401.0
1144,5735.0,98.36,65459.0
1145,5716.0,98.03,65515.0
1146,5765.0,98.87,65572.0
1147,5742.0,98.48,65630.0
1148,5765.0,98.87,65687.0
1149,5791.0,99.32,65744.0
1150,5710.0,97.93,65802.0
1151,5761.0,98.8,65859.0
1152,5713.0,97.98,65916.0
1153,5759.0,98.77,65974.0
1154,5709.0,97.91,66031.0
1155,5735.0,98.36,66088.0
1156,5710.0,97.93,66146.0
1157,5736.0,98.37,66203.0
1158,5716.0,98.03,66259.0
1159,5717.0,98.05,66317.0
1160,5715.0,98.01,66374.0
1161,5735.0,98.36,66432.0
1162,5736.0,98.37,66489.0
1163,5759.0,98.77,66546.0
1164,5735.0,98.36,66604.0
1165,5710.0,97.93,66661.0
1166,5736.0,98.37,66718.0
1167,5786.0,99.23,66776.0
1168,5711.0,97.94,66833.0
1169,5765.0,98.87,66890.0
1170,5765.0,98.87,66947.0
1171,5765.0,98.87,67004.0
1172,5742.0,98.48,67061.0
1173,5764.0,98.85,67119.0
1174,5739.0,98.42,67176.0
1175,5711.0,97.94,67233.0
1176,5736.0,98.37,67291.0
1177,5784.0,99.2,67348.0
1178,5709.0,97.91,67405.0
1179,5735.0,98.36,67463.0
1180,5710.0,97.93,67520.0
1181,5709.0,97.91,67577.0
1182,5741.0,98.46,67634.0
1183,5741.0,98.46,67691.0
1184,5791.0,99.32,67748.0
1185,5741.0,98.46,67806.0
1186,5766.0,98.89,67863.0
1187,5760.0,98.78,67920.0
1188,5707.0,97.88,67978.0
1189,5708.0,97.89,68035.0
1190,5735.0,98.36,68092.0
1191,5785.0,99.21,68150.0
1192,5735.0,98.36,68207.0
1193,5708.0,97.89,68264.0
1194,5741.0,98.46,68322.0
1195,5715.0,98.01,68378.0
1196,5715.0,98.01,68435.0
1197,5742.0,98.48,68493.0
1198,5710.0,97.93,68550.0
1199,5735.0,98.36,68608.0
1200,5735.0,98.36,68665.0
1201,5709.0,97.91,68722.0
1202,5785.0,99.21,68780.0
1203,5709.0,97.91,68837.0
1204,5710.0,97.93,68894.0
1205,5716.0,98.03,68951.0
1206,5741.0,98.46,69008.0
1207,5717.0,98.05,69065.0
1208,5716.0,98.03,69123.0
1209,5785.0,99.21,69180.0
1210,5735.0,98.36,69237.0
1211,5760.0,98.78,69295.0
1212,5736.0,98.37,69352.0
1213,5735.0,98.36,69409.0
1214,5710.0,97.93,69467.0
1215,5785.0,99.21,69524.0
1216,5760.0,98.78,69581.0
1217,5715.0,98.01,69639.0
1218,5716.0,98.03,69695.0
1219,5716.0,98.03,69752.0
1220,5741.0,98.46,69810.0
1221,5710.0,97.93,69867.0
1222,5709.0,97.91,69924.0
1223,5711.0,97.94,69982.0
1224,5737.0,98.39,70039.0
1225,5709.0,97.91,70096.0
1226,5709.0,97.91,70154.0
1227,5715.0,98.01,70210.0
1228,5715.0,98.01,70267.0
1229,5715.0,98.01,70325.0
1230,5716.0,98.03,70382.0
1231,5761.0,98.8,70439.0
1232,5761.0,98.8,70497.0
1233,5710.0,97.93,70554.0
1234,5735.0,98.36,70611.0
1235,5736.0,98.37,70669.0
1236,5736.0,98.37,70726.0
1237,5735.0,98.36,70784.0
1238,5717.0,98.05,70840.0
1239,5743.0,98.49,70897.0
1240,5716.0,98.03,70955.0
1241,5765.0,98.87,71012.0
1242,5715.0,98.01,71069.0
1243,5710.0,97.93,71127.0
1244,5715.0,98.01,71184.0
1245,5712.0,97.96,71241.0
1246,5736.0,98.37,71299.0
1247,5712.0,97.96,71356.0
1248,5760.0,98.78,71413.0
1249,5716.0,98.03,71470.0
1250,5717.0,98.05,71527.0
1251,5721.0,98.12,71584.0
1252,5717.0,98.05,71642.0
1253,5762.0,98.82,71699.0
1254,5712.0,97.96,71756.0
1255,5762.0,98.82,71814.0
1256,5736.0,98.37,71871.0
1257,5736.0,98.37,71928.0
1258,5711.0,97.94,71986.0
1259,5736.0,98.37,72043.0
1260,5743.0,98.49,72100.0
1261,5718.0,98.06,72157.0
1262,5743.0,98.49,72214.0
1263,5766.0,98.89,72271.0
1264,5766.0,98.89,72329.0
1265,5736.0,98.37,72386.0
1266,5736.0,98.37,72443.0
1267,5738.0,98.41,72501.0
1268,5711.0,97.94,72558.0
1269,5710.0,97.93,72615.0
1270,5785.0,99.21,72673.0
1271,5760.0,98.78,72730.0
1272,5786.0,99.23,72787.0
1273,5761.0,98.8,72845.0
1274,5743.0,98.49,72901.0
1275,5742.0,98.48,72958.0
1276,5716.0,98.03,73016.0
1277,5767.0,98.9,73073.0
1278,5711.0,97.94,73131.0
1279,5711.0,97.94,73188.0
1280,5710.0,97.93,73245.0
1281,5710.0,97.93,73303.0
1282,5712.0,97.96,73360.0
1283,5737.0,98.39,73417.0
1284,5761.0,98.8,73475.0
1285,5768.0,98.92,73531.0
1286,5743.0,98.49,73588.0
1287,5743.0,98.49,73646.0
1288,5742.0,98.48,73703.0
1289,5737.0,98.39,73760.0
1290,5712.0,97.96,73818.0
1291,5711.0,97.94,73875.0
1292,5737.0,98.39,73932.0
1293,5737.0,98.39,73990.0
1294,5712.0,97.96,74047.0
1295,5710.0,97.93,74104.0
1296,5743.0,98.49,74161.0
1297,5716.0,98.03,74218.0
1298,5743.0,98.49,74275.0
1299,5743.0,98.49,74333.0
1300,5736.0,98.37,74390.0
1301,5762.0,98.82,74447.0
1302,5786.0,99.23,74505.0
1303,5736.0,98.37,74562.0
1304,5761.0,98.8,74619.0
1305,5714.0,98.0,74677.0
1306,5737.0,98.39,74734.0
1307,5761.0,98.8,74791.0
1308,5760.0,98.78,74849.0
1309,5765.0,98.87,74906.0
1310,5717.0,98.05,74962.0
1311,5717.0,98.05,75020.0
1312,5742.0,98.48,75077.0
1313,5712.0,97.96,75134.0
1314,5737.0,98.39,75192.0
1315,5737.0,98.39,75249.0
1316,5762.0,98.82,75307.0
1317,5762.0,98.82,75364.0
1318,5711.0,97.94,75421.0
1319,5711.0,97.94,75479.0
1320,5716.0,98.03,75536.0
1321,5743.0,98.49,75592.0
1322,5742.0,98.48,75650.0
1323,5717.0,98.05,75707.0
1324,5711.0,97.94,75764.0
1325,5736.0,98.37,75822.0
1326,5737.0,98.39,75879.0
1327,5760.0,98.78,75936.0
1328,5760.0,98.78,75994.0
1329,5737.0,98.39,76051.0
1330,5716.0,98.03,76108.0
1331,5762.0,98.82,76166.0
1332,5717.0,98.05,76223.0
1333,5717.0,98.05,76279.0
1334,5717.0,98.05,76337.0
1335,5768.0,98.92,76394.0
1336,5711.0,97.94,76451.0
1337,5737.0,98.39,76509.0
1338,5710.0,97.93,76566.0
1339,5711.0,97.94,76623.0
1340,5760.0,98.78,76681.0
1341,5736.0,98.37,76738.0
1342,5710.0,97.93,76795.0
1343,5717.0,98.05,76852.0
1344,5742.0,98.48,76909.0
1345,5717.0,98.05,76966.0
1346,5742.0,98.48,77024.0
1347,5711.0,97.94,77081.0
1348,5714.0,98.0,77138.0
1349,5759.0,98.77,77196.0
1350,5709.0,97.91,77253.0
1351,5761.0,98.8,77310.0
1352,5710.0,97.93,77368.0
1353,5735.0,98.36,77425.0
1354,5720.0,98.1,77481.0
1355,5742.0,98.48,77539.0
1356,5742.0,98.48,77596.0
1357,5715.0,98.01,77654.0
1358,5786.0,99.23,77711.0
1359,5759.0,98.77,77768.0
1360,5710.0,97.93,77826.0
1361,5710.0,97.93,77883.0
1362,5713.0,97.98,77940.0
1363,5710.0,97.93,77998.0
1364,5759.0,98.77,78055.0
1365,5716.0,98.03,78111.0
1366,5717.0,98.05,78169.0
1367,5715.0,98.01,78226.0
1368,5791.0,99.32,78283.0
1369,5709.0,97.91,78341.0
1370,5710.0,97.93,78398.0
1371,5758.0,98.75,78455.0
1372,5735.0,98.36,78513.0
1373,5735.0,98.36,78570.0
1374,5784.0,99.2,78627.0
1375,5708.0,97.89,78685.0
1376,5735.0,98.36,78742.0
1377,5766.0,98.89,78798.0
1378,5715.0,98.01,78856.0
1379,5715.0,98.01,78913.0
1380,5714.0,98.0,78970.0
1381,5735.0,98.36,79028.0
1382,5709.0,97.91,79085.0
1383,5735.0,98.36,79142.0
1384,5708.0,97.89,79200.0
1385,5711.0,97.94,79257.0
1386,5736.0,98.37,79314.0
1387,5784.0,99.2,79372.0
1388,5741.0,98.46,79428.0
1389,5715.0,98.01,79485.0
1390,5715.0,98.01,79543.0
1391,5740.0,98.44,79600.0
1392,5735.0,98.36,79657.0
1393,5708.0,97.89,79715.0
1394,5784.0,99.2,79772.0
1395,5708.0,97.89,79830.0
1396,5710.0,97.93,79887.0
1397,5735.0,98.36,79944.0
1398,5709.0,97.91,80002.0
1399,5742.0,98.48,80058.0
1400,5766.0,98.89,80115.0
1401,5790.0,99.3,80173.0
1402,5766.0,98.89,80230.0
1403,5719.0,98.08,80287.0
1404,5709.0,97.91,80345.0
1405,5735.0,98.36,80402.0
1406,5714.0,98.0,80459.0
1407,5709.0,97.91,80517.0
1408,5735.0,98.36,80574.0
1409,5735.0,98.36,80631.0
1410,5720.0,98.1,80689.0
1411,5716.0,98.03,80745.0
1412,5741.0,98.46,80802.0
1413,5715.0,98.01,80860.0
1414,5758.0,98.75,80917.0
1415,5735.0,98.36,80974.0
1416,5760.0,98.78,81032.0
1417,5784.0,99.2,81089.0
1418,5736.0,98.37,81146.0
1419,5735.0,98.36,81204.0
1420,5709.0,97.91,81261.0
1421,5709.0,97.91,81318.0
1422,5715.0,98.01,81375.0
1423,5741.0,98.46,81432.0
1424,5715.0,98.01,81489.0
1425,5764.0,98.85,81547.0
1426,5758.0,98.75,81604.0
1427,5709.0,97.91,81661.0
1428,5735.0,98.36,81719.0
1429,5734.0,98.34,81776.0
1430,5708.0,97.89,81833.0
1431,5735.0,98.36,81891.0
1432,5735.0,98.36,81948.0
1433,5714.0,98.0,82006.0
1434,5714.0,98.0,82062.0
1435,5740.0,98.44,82119.0
1436,5740.0,98.44,82177.0
1437,5735.0,98.36,82234.0
1438,5708.0,97.89,82291.0
1439,5734.0,98.34,82349.0
1440,5708.0,97.89,82406.0
1441,5734.0,98.34,82463.0
1442,5733.0,98.32,82521.0
1443,5758.0,98.75,82578.0
1444,5740.0,98.44,82635.0
1445,5740.0,98.44,82692.0
1446,5790.0,99.3,82749.0
1447,5763.0,98.84,82806.0
1448,5717.0,98.05,82864.0
1449,5734.0,98.34,82921.0
1450,5734.0,98.34,82978.0
1451,5757.0,98.73,83036.0
1452,5734.0,98.34,83093.0
1453,5712.0,97.96,83150.0
1454,5708.0,97.89,83208.0
1455,5757.0,98.73,83265.0
1456,5714.0,98.0,83322.0
1457,5714.0,98.0,83379.0
1458,5716.0,98.03,83436.0
1459,5739.0,98.42,83493.0
1460,5707.0,97.88,83551.0
1461,5784.0,99.2,83608.0
1462,5707.0,97.88,83665.0
1463,5781.0,99.14,83723.0
1464,5734.0,98.34,83780.0
1465,5734.0,98.34,83837.0
1466,5759.0,98.77,83895.0
1467,5734.0,98.34,83952.0
1468,5759.0,98.77,84009.0
1469,5765.0,98.87,84066.0
1470,5764.0,98.85,84123.0
1471,5713.0,97.98,84180.0
1472,5714.0,98.0,84238.0
1473,5734.0,98.34,84295.0
1474,5733.0,98.32,84353.0
1475,5712.0,97.96,84410.0
1476,5710.0,97.93,84467.0
1477,5706.0,97.86,84525.0
1478,5784.0,99.2,84582.0
1479,5785.0,99.21,84639.0
1480,5716.0,98.03,84697.0
1481,5741.0,98.46,84753.0
1482,5715.0,98.01,84810.0
1483,5742.0,98.48,84868.0
1484,5710.0,97.93,84925.0
1485,5736.0,98.37,84982.0
1486,5760.0,98.78,85040.0
1487,5711.0,97.94,85097.0
1488,5736.0,98.37,85154.0
1489,5736.0,98.37,85212.0
1490,5736.0,98.37,85269.0
1491,5736.0,98.37,85326.0
1492,5742.0,98.48,85383.0
1493,5768.0,98.92,85440.0
1494,5792.0,99.33,85497.0
1495,5742.0,98.48,85555.0
1496,5743.0,98.49,85612.0
1497,5736.0,98.37,85669.0
1498,5711.0,97.94,85727.0
1499,5737.0,98.39,85784.0
1500,5736.0,98.37,85841.0
1501,5709.0,97.91,85899.0
1502,5736.0,98.37,85956.0
1503,5735.0,98.36,86013.0
1504,5742.0,98.48,86071.0
1505,5717.0,98.05,86127.0
1506,5743.0,98.49,86184.0
1507,5715.0,98.01,86242.0
1508,5710.0,97.93,86299.0
1509,5711.0,97.94,86356.0
1510,5737.0,98.39,86414.0
1511,5786.0,99.23,86471.0
1512,5735.0,98.36,86529.0
1513,5759.0,98.77,86586.0
1514,5761.0,98.8,86643.0
1515,5736.0,98.37,86701.0
1516,5759.0,98.77,86758.0
1517,5767.0,98.9,86814.0
1518,5718.0,98.06,86872.0
1519,5742.0,98.48,86929.0
1520,5718.0,98.06,86986.0
1521,5736.0,98.37,87044.0
1522,5735.0,98.36,87101.0
1523,5711.0,97.94,87158.0
1524,5711.0,97.94,87216.0
1525,5736.0,98.37,87273.0
1526,5760.0,98.78,87330.0
1527,5736.0,98.37,87388.0
1528,5743.0,98.49,87444.0
1529,5765.0,98.87,87501.0
1530,5742.0,98.48,87559.0
1531,5715.0,98.01,87616.0
1532,5712.0,97.96,87673.0
1533,5735.0,98.36,87731.0
1534,5735.0,98.36,87788.0
1535,5759.0,98.77,87845.0
1536,5710.0,97.93,87903.0
1537,5709.0,97.91,87960.0
1538,5710.0,97.93,88017.0
1539,5759.0,98.77,88075.0
1540,5742.0,98.48,88131.0
1541,5742.0,98.48,88188.0
1542,5791.0,99.32,88246.0
1543,5741.0,98.46,88303.0
1544,5709.0,97.91,88360.0
1545,5734.0,98.34,88418.0
1546,5784.0,99.2,88475.0
1547,5733.0,98.32,88532.0
1548,5708.0,97.89,88590.0
1549,5734.0,98.34,88647.0
1550,5707.0,97.88,88705.0
1551,5760.0,98.78,88762.0
1552,5740.0,98.44,88818.0
1553,5764.0,98.85,88876.0
1554,5742.0,98.48,88933.0
1555,5714.0,98.0,88990.0
1556,5758.0,98.75,89048.0
1557,5734.0,98.34,89105.0
1558,5785.0,99.21,89162.0
1559,5758.0,98.75,89220.0
1560,5735.0,98.36,89277.0
1561,5708.0,97.89,89334.0
1562,5734.0,98.34,89392.0
1563,5710.0,97.93,89449.0
1564,5714.0,98.0,89505.0
1565,5714.0,98.0,89563.0
1566,5741.0,98.46,89620.0
1567,5764.0,98.85,89677.0
1568,5736.0,98.37,89735.0
1569,5758.0,98.75,89792.0
1570,5735.0,98.36,89849.0
1571,5757.0,98.73,89907.0
1572,5734.0,98.34,89964.0
1573,5785.0,99.21,90021.0
1574,5735.0,98.36,90079.0
1575,5709.0,97.91,90136.0
1576,5784.0,99.2,90193.0
1577,5785.0,99.21,90251.0
1578,5715.0,98.01,90307.0
1579,5741.0,98.46,90364.0
1580,5718.0,98.06,90422.0
1581,5715.0,98.01,90479.0
1582,5735.0,98.36,90536.0
1583,5710.0,97.93,90594.0
1584,5736.0,98.37,90651.0
1585,5709.0,97.91,90708.0
1586,5736.0,98.37,90766.0
1587,5735.0,98.36,90823.0
1588,5734.0,98.34,90881.0
1589,5720.0,98.1,90937.0
1590,5741.0,98.46,90994.0
1591,5715.0,98.01,91052.0
1592,5759.0,98.77,91109.0
1593,5735.0,98.36,91166.0
1594,5711.0,97.94,91224.0
1595,5711.0,97.94,91281.0
1596,5735.0,98.36,91338.0
1597,5709.0,97.91,91396.0
1598,5710.0,97.93,91453.0
1599,5765.0,98.87,91510.0
1600,5742.0,98.48,91567.0
1601,5717.0,98.05,91624.0
1602,5765.0,98.87,91681.0
1603,5791.0,99.32,91739.0
1604,5736.0,98.37,91796.0
1605,5710.0,97.93,91853.0
1606,5710.0,97.93,91911.0
1607,5710.0,97.93,91968.0
1608,5736.0,98.37,92025.0
1609,5736.0,98.37,92083.0
1610,5710.0,97.93,92140.0
1611,5716.0,98.03,92196.0
1612,5741.0,98.46,92254.0
1613,5742.0,98.48,92311.0
1614,5715.0,98.01,92368.0
1615,5710.0,97.93,92426.0
1616,5759.0,98.77,92483.0
1617,5735.0,98.36,92540.0
1618,5735.0,98.36,92598.0
