Index,deltaT_us,distance_cm,timestamp_ms
9,5769.0,98.94,519.0
10,5815.0,99.73,575.0
11,5809.0,99.62,632.0
12,5786.0,99.23,690.0
13,5809.0,99.62,747.0
14,5815.0,99.73,804.0
15,5744.0,98.51,861.0
16,5763.0,98.84,918.0
17,5763.0,98.84,975.0
18,5786.0,99.23,1033.0
19,5469.0,93.79,1089.0
20,5763.0,98.84,1146.0
21,5737.0,98.39,1204.0
22,5808.0,99.61,1261.0
23,5791.0,99.32,1317.0
24,5739.0,98.42,1375.0
25,5808.0,99.61,1432.0
26,5738.0,98.41,1489.0
27,5809.0,99.62,1547.0
28,5791.0,99.32,1603.0
29,5768.0,98.92,1660.0
30,5738.0,98.41,1718.0
31,5809.0,99.62,1775.0
32,5763.0,98.84,1832.0
33,5246.0,89.97,1889.0
34,5589.0,95.85,1946.0
35,5769.0,98.94,2002.0
36,5719.0,98.08,2060.0
37,5785.0,99.21,2117.0
38,5689.0,97.57,2174.0
39,5785.0,99.21,2232.0
40,5769.0,98.94,2288.0
41,5791.0,99.32,2345.0
42,5785.0,99.21,2403.0
43,5808.0,99.61,2460.0
44,5736.0,98.37,2518.0
45,5785.0,99.21,2575.0
46,5744.0,98.51,2631.0
47,5784.0,99.2,2689.0
48,5688.0,97.55,2746.0
49,5808.0,99.61,2803.0
50,5785.0,99.21,2861.0
51,5768.0,98.92,2917.0
52,5744.0,98.51,2974.0
53,5807.0,99.59,3032.0
54,5785.0,99.21,3089.0
55,5784.0,99.2,3146.0
56,5742.0,98.48,3204.0
57,5790.0,99.3,3260.0
58,5737.0,98.39,3317.0
59,5830.0,99.98,3375.0
60,5761.0,98.8,3432.0
61,5618.0,96.35,3488.0
62,5742.0,98.48,3546.0
63,5761.0,98.8,3603.0
64,5807.0,99.59,3660.0
65,5784.0,99.2,3718.0
66,5762.0,98.82,3775.0
67,5619.0,96.37,3831.0
68,5761.0,98.8,3889.0
69,5785.0,99.21,3946.0
70,5737.0,98.39,4003.0
71,5743.0,98.49,4060.0
72,5519.0,94.65,4117.0
73,5613.0,96.26,4174.0
74,5669.0,97.22,4231.0
75,5664.0,97.14,4288.0
76,5784.0,99.2,4345.0
77,5785.0,99.21,4403.0
78,5618.0,96.35,4459.0
79,5763.0,98.84,4516.0
80,5737.0,98.39,4574.0
81,5712.0,97.96,4631.0
82,5808.0,99.61,4688.0
83,5790.0,99.3,4745.0
84,5743.0,98.49,4802.0
85,5761.0,98.8,4859.0
86,5807.0,99.59,4917.0
87,5784.0,99.2,4974.0
88,5767.0,98.9,5030.0
89,5768.0,98.92,5088.0
90,5538.0,94.98,5145.0
91,5784.0,99.2,5202.0
92,5718.0,98.06,5259.0
93,5766.0,98.89,5316.0
94,5712.0,97.96,5373.0
95,5785.0,99.21,5431.0
96,5808.0,99.61,5488.0
97,5762.0,98.82,5545.0
98,5768.0,98.92,5602.0
99,5786.0,99.23,5659.0
100,5711.0,97.94,5716.0
101,5763.0,98.84,5774.0
102,5809.0,99.62,5831.0
103,5763.0,98.84,5889.0
104,5793.0,99.35,5945.0
105,5816.0,99.74,6002.0
106,5762.0,98.82,6060.0
107,5836.0,100.09,6117.0
108,5834.0,100.05,6174.0
109,5740.0,98.44,6232.0
110,5764.0,98.85,6289.0
111,5787.0,99.25,6346.0
112,5496.0,94.26,6403.0
113,5810.0,99.64,6460.0
114,5764.0,98.85,6517.0
115,5809.0,99.62,6575.0
116,5809.0,99.62,6632.0
117,5810.0,99.64,6689.0
118,5767.0,98.9,6747.0
119,5839.0,100.14,6803.0
120,5770.0,98.96,6860.0
121,5738.0,98.41,6918.0
122,5763.0,98.84,6975.0
123,5740.0,98.44,7032.0
124,5787.0,99.25,7090.0
125,5809.0,99.62,7147.0
126,5745.0,98.53,7203.0
127,5793.0,99.35,7261.0
128,5787.0,99.25,7318.0
129,5812.0,99.68,7375.0
130,5739.0,98.42,7433.0
131,5714.0,98.0,7490.0
132,5620.0,96.38,7546.0
133,5696.0,97.69,7604.0
134,5810.0,99.64,7661.0
135,5764.0,98.85,7718.0
136,5836.0,100.09,7776.0
137,5763.0,98.84,7833.0
138,5788.0,99.26,7890.0
139,5765.0,98.87,7948.0
140,5793.0,99.35,8004.0
141,5720.0,98.1,8061.0
142,5787.0,99.25,8119.0
143,5787.0,99.25,8176.0
144,5763.0,98.84,8233.0
145,5810.0,99.64,8291.0
146,5809.0,99.62,8348.0
147,5792.0,99.33,8406.0
148,5839.0,100.14,8462.0
149,5793.0,99.35,8519.0
150,5840.0,100.16,8577.0
151,5834.0,100.05,8634.0
152,5810.0,99.64,8691.0
153,5787.0,99.25,8749.0
154,5810.0,99.64,8806.0
155,5764.0,98.85,8863.0
156,5833.0,100.04,8921.0
157,5787.0,99.25,8978.0
158,5809.0,99.62,9035.0
159,5792.0,99.33,9092.0
160,5768.0,98.92,9149.0
161,5365.0,92.01,9206.0
162,5764.0,98.85,9264.0
163,5840.0,100.16,9321.0
164,5842.0,100.19,9377.0
165,5817.0,99.76,9435.0
166,5817.0,99.76,9492.0
167,5739.0,98.42,9549.0
168,5810.0,99.64,9607.0
169,5810.0,99.64,9664.0
170,5714.0,98.0,9721.0
171,5764.0,98.85,9779.0
172,5770.0,98.96,9835.0
173,5816.0,99.74,9892.0
174,5816.0,99.74,9950.0
175,5787.0,99.25,10007.0
176,5764.0,98.85,10064.0
177,5836.0,100.09,10122.0
178,5740.0,98.44,10179.0
179,5764.0,98.85,10236.0
180,5764.0,98.85,10294.0
181,5545.0,95.1,10350.0
182,5817.0,99.76,10407.0
183,5839.0,100.14,10465.0
184,5816.0,99.74,10522.0
185,5836.0,100.09,10579.0
186,5787.0,99.25,10637.0
187,5764.0,98.85,10694.0
188,5764.0,98.85,10752.0
189,5765.0,98.87,10809.0
190,5789.0,99.28,10866.0
191,5810.0,99.64,10924.0
192,5764.0,98.85,10981.0
193,5834.0,100.05,11038.0
194,5811.0,99.66,11096.0
195,5772.0,98.99,11153.0
196,5795.0,99.38,11209.0
197,5817.0,99.76,11267.0
198,5818.0,99.78,11324.0
199,5795.0,99.38,11381.0
200,5763.0,98.84,11439.0
201,5740.0,98.44,11496.0
202,5739.0,98.42,11553.0
203,5787.0,99.25,11611.0
204,5763.0,98.84,11668.0
205,5764.0,98.85,11725.0
206,5814.0,99.71,11783.0
207,5597.0,95.99,11839.0
208,5764.0,98.85,11896.0
209,5788.0,99.26,11954.0
210,5810.0,99.64,12011.0
211,5766.0,98.89,12068.0
212,5811.0,99.66,12126.0
213,5789.0,99.28,12183.0
214,5837.0,100.1,12240.0
215,5592.0,95.9,12298.0
216,5841.0,100.17,12354.0
217,5795.0,99.38,12411.0
218,5794.0,99.37,12469.0
219,5795.0,99.38,12526.0
220,5771.0,98.97,12583.0
221,5764.0,98.85,12641.0
222,5789.0,99.28,12698.0
223,5765.0,98.87,12755.0
224,5835.0,100.07,12813.0
225,5765.0,98.87,12870.0
226,5811.0,99.66,12928.0
227,5764.0,98.85,12985.0
228,5788.0,99.26,13042.0
229,5794.0,99.37,13100.0
230,5795.0,99.38,13156.0
231,5770.0,98.96,13213.0
232,5794.0,99.37,13271.0
233,5811.0,99.66,13328.0
234,5788.0,99.26,13385.0
235,5837.0,100.1,13443.0
236,5835.0,100.07,13500.0
237,5810.0,99.64,13557.0
238,5764.0,98.85,13615.0
239,5811.0,99.66,13672.0
240,5810.0,99.64,13729.0
241,5788.0,99.26,13787.0
242,5764.0,98.85,13844.0
243,5811.0,99.66,13901.0
244,5769.0,98.94,13959.0
245,5816.0,99.74,14015.0
246,5793.0,99.35,14072.0
247,5769.0,98.94,14130.0
248,5834.0,100.05,14187.0
249,5714.0,98.0,14244.0
250,5787.0,99.25,14302.0
251,5739.0,98.42,14359.0
252,5763.0,98.84,14416.0
253,5763.0,98.84,14474.0
254,5787.0,99.25,14531.0
255,5810.0,99.64,14588.0
256,5696.0,97.69,14645.0
257,5839.0,100.14,14702.0
258,5794.0,99.37,14759.0
259,5770.0,98.96,14817.0
260,5788.0,99.26,14874.0
261,5788.0,99.26,14931.0
262,5765.0,98.87,14989.0
263,5766.0,98.89,15046.0
264,5788.0,99.26,15104.0
265,5811.0,99.66,15161.0
266,5811.0,99.66,15218.0
267,5722.0,98.13,15276.0
268,5795.0,99.38,15332.0
269,5818.0,99.78,15389.0
270,5795.0,99.38,15447.0
271,5794.0,99.37,15504.0
272,5765.0,98.87,15561.0
273,5740.0,98.44,15619.0
274,5766.0,98.89,15676.0
275,5274.0,90.45,15732.0
276,5795.0,99.38,15790.0
277,5839.0,100.14,15847.0
278,5812.0,99.68,15904.0
279,5814.0,99.71,15962.0
280,5741.0,98.46,16019.0
281,5790.0,99.3,16076.0
282,5766.0,98.89,16134.0
283,5812.0,99.68,16191.0
284,5742.0,98.48,16248.0
285,5790.0,99.3,16306.0
286,5772.0,98.99,16362.0
287,5771.0,98.97,16419.0
288,5747.0,98.56,16477.0
289,5812.0,99.68,16534.0
290,5835.0,100.07,16591.0
291,5790.0,99.3,16649.0
292,5788.0,99.26,16706.0
293,5812.0,99.68,16763.0
294,5741.0,98.46,16821.0
295,5838.0,100.12,16878.0
296,5766.0,98.89,16935.0
297,5812.0,99.68,16993.0
298,5767.0,98.9,17050.0
299,5794.0,99.37,17107.0
300,5771.0,98.97,17164.0
301,5795.0,99.38,17221.0
302,5772.0,98.99,17278.0
303,5766.0,98.89,17336.0
304,5766.0,98.89,17393.0
305,5814.0,99.71,17451.0
306,5716.0,98.03,17508.0
307,5766.0,98.89,17565.0
308,5813.0,99.69,17623.0
309,5766.0,98.89,17680.0
310,5748.0,98.58,17736.0
311,5818.0,99.78,17794.0
312,5796.0,99.4,17851.0
313,5844.0,100.22,17908.0
314,5795.0,99.38,17966.0
315,5742.0,98.48,18023.0
316,5766.0,98.89,18080.0
317,5467.0,93.76,18138.0
318,5812.0,99.68,18195.0
319,5773.0,99.01,18251.0
320,5772.0,98.99,18309.0
321,5773.0,99.01,18366.0
322,5789.0,99.28,18423.0
323,5741.0,98.46,18481.0
324,5642.0,96.76,18538.0
325,5838.0,100.12,18595.0
326,5743.0,98.49,18653.0
327,5838.0,100.12,18710.0
328,5765.0,98.87,18767.0
329,5813.0,99.69,18825.0
330,5795.0,99.38,18882.0
331,5771.0,98.97,18938.0
332,5795.0,99.38,18996.0
333,5748.0,98.58,19053.0
334,5765.0,98.87,19110.0
335,5789.0,99.28,19168.0
336,5812.0,99.68,19225.0
337,5741.0,98.46,19282.0
338,5523.0,94.72,19340.0
339,5818.0,99.78,19396.0
340,5796.0,99.4,19453.0
341,5771.0,98.97,19511.0
342,5812.0,99.68,19568.0
343,5592.0,95.9,19625.0
344,5812.0,99.68,19683.0
345,5789.0,99.28,19740.0
346,5811.0,99.66,19798.0
347,5788.0,99.26,19855.0
348,5790.0,99.3,19912.0
349,5448.0,93.43,19969.0
350,5766.0,98.89,20026.0
351,5766.0,98.89,20083.0
352,5789.0,99.28,20141.0
353,5766.0,98.89,20198.0
354,5812.0,99.68,20255.0
355,5767.0,98.9,20313.0
356,5812.0,99.68,20370.0
357,5549.0,95.17,20426.0
358,5766.0,98.89,20484.0
359,5766.0,98.89,20541.0
360,5274.0,90.45,20597.0
361,5771.0,98.97,20655.0
362,5323.0,91.29,20712.0
363,5742.0,98.48,20769.0
364,5741.0,98.46,20827.0
365,5772.0,98.99,20883.0
366,5198.0,89.15,20940.0
367,5148.0,88.29,20997.0
368,5765.0,98.87,21054.0
369,5811.0,99.66,21111.0
370,5616.0,96.31,21169.0
371,5765.0,98.87,21226.0
372,5770.0,98.96,21283.0
373,5793.0,99.35,21340.0
374,5794.0,99.37,21397.0
375,5770.0,98.96,21454.0
376,5715.0,98.01,21512.0
377,5616.0,96.31,21569.0
378,5764.0,98.85,21626.0
379,5739.0,98.42,21684.0
380,5548.0,95.15,21740.0
381,5816.0,99.74,21797.0
382,5786.0,99.23,21855.0
383,5763.0,98.84,21912.0
384,5663.0,97.12,21969.0
385,5786.0,99.23,22027.0
386,5809.0,99.62,22084.0
387,5764.0,98.85,22141.0
388,5809.0,99.62,22199.0
389,5816.0,99.74,22256.0
390,5743.0,98.49,22312.0
391,5838.0,100.12,22370.0
392,5793.0,99.35,22427.0
393,5745.0,98.53,22484.0
394,5786.0,99.23,22542.0
395,5810.0,99.64,22599.0
396,5762.0,98.82,22657.0
397,5739.0,98.42,22714.0
398,5763.0,98.84,22771.0
399,5786.0,99.23,22829.0
400,5786.0,99.23,22886.0
401,5792.0,99.33,22942.0
402,5791.0,99.32,23000.0
403,5815.0,99.73,23057.0
404,5814.0,99.71,23114.0
405,5792.0,99.33,23172.0
406,5737.0,98.39,23229.0
407,5786.0,99.23,23286.0
408,5807.0,99.59,23344.0
409,5737.0,98.39,23401.0
410,5761.0,98.8,23458.0
411,5738.0,98.41,23516.0
412,5807.0,99.59,23573.0
413,5742.0,98.48,23629.0
414,5593.0,95.92,23687.0
415,5785.0,99.21,23744.0
416,5762.0,98.82,23801.0
417,5761.0,98.8,23859.0
418,5807.0,99.59,23916.0
419,5785.0,99.21,23973.0
420,5808.0,99.61,24031.0
421,5808.0,99.61,24088.0
422,5768.0,98.92,24144.0
423,5791.0,99.32,24202.0
424,5791.0,99.32,24259.0
425,5814.0,99.71,24316.0
426,5831.0,100.0,24374.0
427,5763.0,98.84,24431.0
428,5738.0,98.41,24488.0
429,5763.0,98.84,24546.0
430,5809.0,99.62,24603.0
431,5763.0,98.84,24660.0
432,5810.0,99.64,24718.0
433,5764.0,98.85,24775.0
434,5745.0,98.53,24832.0
435,5793.0,99.35,24889.0
436,5816.0,99.74,24946.0
437,5794.0,99.37,25004.0
438,5789.0,99.28,25061.0
439,5788.0,99.26,25118.0
440,5786.0,99.23,25176.0
441,5739.0,98.42,25233.0
442,5787.0,99.25,25290.0
443,5809.0,99.62,25348.0
444,5740.0,98.44,25405.0
445,5763.0,98.84,25462.0
446,5793.0,99.35,25519.0
447,5793.0,99.35,25576.0
448,5794.0,99.37,25633.0
449,5817.0,99.76,25691.0
450,5641.0,96.74,25748.0
451,5690.0,97.58,25805.0
452,5811.0,99.66,25863.0
453,5766.0,98.89,25920.0
454,5716.0,98.03,25977.0
455,5842.0,100.19,26035.0
456,5818.0,99.78,26091.0
457,5796.0,99.4,26148.0
458,5842.0,100.19,26206.0
459,5818.0,99.78,26263.0
460,5794.0,99.37,26320.0
461,5789.0,99.28,26378.0
462,5767.0,98.9,26435.0
463,5666.0,97.17,26492.0
464,5766.0,98.89,26550.0
465,5836.0,100.09,26607.0
466,5812.0,99.68,26664.0
467,5765.0,98.87,26722.0
468,5649.0,96.88,26778.0
469,5819.0,99.8,26835.0
470,5819.0,99.8,26893.0
471,5841.0,100.17,26950.0
472,5795.0,99.38,27008.0
473,5766.0,98.89,27065.0
474,5789.0,99.28,27122.0
475,5740.0,98.44,27180.0
476,5742.0,98.48,27237.0
477,5766.0,98.89,27294.0
478,5766.0,98.89,27352.0
479,5811.0,99.66,27409.0
480,5817.0,99.76,27466.0
481,5817.0,99.76,27523.0
482,5816.0,99.74,27580.0
483,5771.0,98.97,27637.0
484,5790.0,99.3,27695.0
485,5788.0,99.26,27752.0
486,5740.0,98.44,27809.0
487,5740.0,98.44,27867.0
488,5516.0,94.6,27924.0
489,5817.0,99.76,27980.0
490,5793.0,99.35,28038.0
491,5795.0,99.38,28095.0
492,5817.0,99.76,28152.0
493,5788.0,99.26,28210.0
494,5837.0,100.1,28267.0
495,5835.0,100.07,28324.0
496,5811.0,99.66,28382.0
497,5740.0,98.44,28439.0
498,5789.0,99.28,28496.0
499,5789.0,99.28,28554.0
500,5766.0,98.89,28611.0
501,5765.0,98.87,28668.0
502,5548.0,95.15,28725.0
503,5794.0,99.37,28782.0
504,5765.0,98.87,28839.0
505,5242.0,89.9,28897.0
506,5795.0,99.38,28953.0
507,5817.0,99.76,29010.0
508,5672.0,97.27,29068.0
509,5765.0,98.87,29125.0
510,5837.0,100.1,29182.0
511,5765.0,98.87,29240.0
512,5765.0,98.87,29297.0
513,5764.0,98.85,29355.0
514,5765.0,98.87,29412.0
515,5765.0,98.87,29469.0
516,5646.0,96.83,29526.0
517,5772.0,98.99,29583.0
518,5816.0,99.74,29640.0
519,5765.0,98.87,29698.0
520,5764.0,98.85,29755.0
521,5836.0,100.09,29812.0
522,5763.0,98.84,29870.0
523,5810.0,99.64,29927.0
524,5765.0,98.87,29984.0
525,5764.0,98.85,30042.0
526,5764.0,98.85,30099.0
527,5794.0,99.37,30155.0
528,5816.0,99.74,30213.0
529,5746.0,98.54,30270.0
530,5816.0,99.74,30327.0
531,5788.0,99.26,30385.0
532,5766.0,98.89,30442.0
533,5764.0,98.85,30499.0
534,5764.0,98.85,30557.0
535,5740.0,98.44,30614.0
536,5811.0,99.66,30671.0
537,5740.0,98.44,30729.0
538,5771.0,98.97,30785.0
539,5746.0,98.54,30842.0
540,5771.0,98.97,30900.0
541,5788.0,99.26,30957.0
542,5764.0,98.85,31014.0
543,5833.0,100.04,31072.0
544,5740.0,98.44,31129.0
545,5765.0,98.87,31186.0
546,5765.0,98.87,31244.0
547,5787.0,99.25,31301.0
548,5810.0,99.64,31358.0
549,5788.0,99.26,31416.0
550,5398.0,92.58,31472.0
551,5811.0,99.66,31529.0
552,5811.0,99.66,31587.0
553,5642.0,96.76,31644.0
554,5766.0,98.89,31702.0
555,5766.0,98.89,31759.0
556,5795.0,99.38,31815.0
557,5794.0,99.37,31873.0
558,5817.0,99.76,31930.0
559,5817.0,99.76,31987.0
560,5811.0,99.66,32045.0
561,5812.0,99.68,32102.0
562,5788.0,99.26,32159.0
563,5811.0,99.66,32217.0
564,5811.0,99.66,32274.0
565,5765.0,98.87,32331.0
566,5741.0,98.46,32389.0
567,5788.0,99.26,32446.0
568,5788.0,99.26,32503.0
569,5794.0,99.37,32561.0
570,5793.0,99.35,32617.0
571,5795.0,99.38,32674.0
572,5793.0,99.35,32732.0
573,5242.0,89.9,32789.0
574,5788.0,99.26,32846.0
575,5771.0,98.97,32903.0
576,5793.0,99.35,32960.0
577,5771.0,98.97,33017.0
578,5765.0,98.87,33075.0
579,5765.0,98.87,33132.0
580,5764.0,98.85,33189.0
581,5811.0,99.66,33247.0
582,5740.0,98.44,33304.0
583,5811.0,99.66,33361.0
584,5764.0,98.85,33419.0
585,5496.0,94.26,33475.0
586,5787.0,99.25,33532.0
587,5810.0,99.64,33590.0
588,5787.0,99.25,33647.0
589,5810.0,99.64,33704.0
590,5810.0,99.64,33762.0
591,5809.0,99.62,33819.0
592,5565.0,95.44,33876.0
593,5811.0,99.66,33934.0
594,5816.0,99.74,33990.0
595,5792.0,99.33,34048.0
596,5794.0,99.37,34105.0
597,5620.0,96.38,34162.0
598,5833.0,100.04,34220.0
599,5810.0,99.64,34277.0
600,5789.0,99.28,34334.0
601,5811.0,99.66,34392.0
602,5541.0,95.03,34449.0
603,5817.0,99.76,34506.0
604,5817.0,99.76,34563.0
605,5794.0,99.37,34620.0
606,5748.0,98.58,34677.0
607,5811.0,99.66,34735.0
608,5766.0,98.89,34792.0
609,5788.0,99.26,34849.0
610,5566.0,95.46,34907.0
611,5788.0,99.26,34964.0
612,5748.0,98.58,35021.0
613,5747.0,98.56,35078.0
614,5817.0,99.76,35135.0
615,5771.0,98.97,35192.0
616,5740.0,98.44,35250.0
617,5740.0,98.44,35307.0
618,5640.0,96.73,35364.0
619,5597.0,95.99,35422.0
620,5793.0,99.35,35478.0
621,5772.0,98.99,35535.0
622,5793.0,99.35,35593.0
623,5542.0,95.05,35650.0
624,5787.0,99.25,35707.0
625,5787.0,99.25,35765.0
626,5740.0,98.44,35822.0
627,5764.0,98.85,35879.0
628,5793.0,99.35,35936.0
629,5815.0,99.73,35993.0
630,5621.0,96.4,36050.0
631,5763.0,98.84,36108.0
632,5786.0,99.23,36165.0
633,5786.0,99.23,36222.0
634,5787.0,99.25,36280.0
635,5739.0,98.42,36337.0
636,5809.0,99.62,36395.0
637,5763.0,98.84,36452.0
638,5815.0,99.73,36508.0
639,5768.0,98.92,36566.0
640,5815.0,99.73,36623.0
641,5838.0,100.12,36680.0
642,5838.0,100.12,36738.0
643,5792.0,99.33,36795.0
644,5810.0,99.64,36852.0
645,5786.0,99.23,36910.0
646,5786.0,99.23,36967.0
647,5787.0,99.25,37024.0
648,5810.0,99.64,37082.0
649,5832.0,100.02,37139.0
650,5763.0,98.84,37196.0
651,5740.0,98.44,37254.0
652,5810.0,99.64,37311.0
653,5809.0,99.62,37368.0
654,5770.0,98.96,37425.0
655,5745.0,98.53,37482.0
656,5816.0,99.74,37539.0
657,5763.0,98.84,37597.0
658,5810.0,99.64,37654.0
659,5810.0,99.64,37711.0
660,5788.0,99.26,37769.0
661,5787.0,99.25,37826.0
662,5765.0,98.87,37883.0
663,5809.0,99.62,37941.0
664,5787.0,99.25,37998.0
665,5810.0,99.64,38055.0
666,5809.0,99.62,38113.0
667,5816.0,99.74,38169.0
668,5793.0,99.35,38226.0
669,5816.0,99.74,38284.0
670,5792.0,99.33,38341.0
671,5788.0,99.26,38398.0
672,5763.0,98.84,38456.0
673,5786.0,99.23,38513.0
674,5762.0,98.82,38571.0
675,5787.0,99.25,38628.0
676,5688.0,97.55,38685.0
677,5785.0,99.21,38743.0
678,5815.0,99.73,38800.0
679,5792.0,99.33,38856.0
680,5271.0,90.4,38914.0
681,5786.0,99.23,38971.0
682,5739.0,98.42,39028.0
683,5763.0,98.84,39086.0
684,5770.0,98.96,39142.0
685,5815.0,99.73,39199.0
686,5744.0,98.51,39257.0
687,5809.0,99.62,39314.0
688,5764.0,98.85,39371.0
689,5787.0,99.25,39429.0
690,5786.0,99.23,39486.0
691,5810.0,99.64,39543.0
692,5786.0,99.23,39601.0
693,5786.0,99.23,39658.0
694,5786.0,99.23,39715.0
695,5763.0,98.84,39773.0
696,5815.0,99.73,39829.0
697,5815.0,99.73,39886.0
698,5816.0,99.74,39944.0
699,5815.0,99.73,40001.0
700,5792.0,99.33,40058.0
701,5787.0,99.25,40116.0
702,5809.0,99.62,40173.0
703,5763.0,98.84,40230.0
704,5763.0,98.84,40288.0
705,5808.0,99.61,40345.0
706,5763.0,98.84,40402.0
707,5763.0,98.84,40460.0
708,5787.0,99.25,40517.0
709,5791.0,99.32,40573.0
710,5793.0,99.35,40631.0
711,5745.0,98.53,40688.0
712,5809.0,99.62,40745.0
713,5787.0,99.25,40803.0
714,5809.0,99.62,40860.0
715,5763.0,98.84,40918.0
716,5763.0,98.84,40975.0
717,5809.0,99.62,41032.0
718,5809.0,99.62,41090.0
719,5809.0,99.62,41147.0
720,5787.0,99.25,41204.0
721,5770.0,98.96,41261.0
722,5746.0,98.54,41318.0
723,5816.0,99.74,41375.0
724,5172.0,88.7,41433.0
725,5696.0,97.69,41489.0
726,5817.0,99.76,41546.0
727,5816.0,99.74,41604.0
728,5816.0,99.74,41661.0
729,5811.0,99.66,41718.0
730,5810.0,99.64,41776.0
731,5715.0,98.01,41833.0
732,5833.0,100.04,41890.0
733,5516.0,94.6,41948.0
734,5810.0,99.64,42005.0
735,5811.0,99.66,42062.0
736,5548.0,95.15,42119.0
737,5787.0,99.25,42176.0
738,5787.0,99.25,42233.0
739,5764.0,98.85,42291.0
740,5764.0,98.85,42348.0
741,5788.0,99.26,42405.0
742,5764.0,98.85,42463.0
743,5810.0,99.64,42520.0
744,5788.0,99.26,42577.0
745,5793.0,99.35,42634.0
746,5770.0,98.96,42691.0
747,5839.0,100.14,42748.0
748,5793.0,99.35,42806.0
749,5720.0,98.1,42863.0
750,5809.0,99.62,42920.0
751,5787.0,99.25,42978.0
752,5787.0,99.25,43035.0
753,5690.0,97.58,43092.0
754,5690.0,97.58,43150.0
755,5815.0,99.73,43207.0
756,5815.0,99.73,43264.0
757,5720.0,98.1,43321.0
758,5572.0,95.56,43378.0
759,5786.0,99.23,43436.0
760,5740.0,98.44,43493.0
761,5810.0,99.64,43550.0
762,5810.0,99.64,43608.0
763,5764.0,98.85,43665.0
764,5769.0,98.94,43721.0
765,5816.0,99.74,43779.0
766,5815.0,99.73,43836.0
767,5794.0,99.37,43893.0
768,5815.0,99.73,43951.0
769,5810.0,99.64,44008.0
770,5665.0,97.15,44065.0
771,5834.0,100.05,44123.0
772,5810.0,99.64,44180.0
773,5764.0,98.85,44237.0
774,5763.0,98.84,44295.0
775,5809.0,99.62,44352.0
776,5811.0,99.66,44409.0
777,5770.0,98.96,44467.0
778,5815.0,99.73,44523.0
779,5793.0,99.35,44580.0
780,5769.0,98.94,44638.0
781,5639.0,96.71,44695.0
782,5715.0,98.01,44752.0
783,5786.0,99.23,44810.0
784,5786.0,99.23,44867.0
785,5786.0,99.23,44924.0
786,5763.0,98.84,44982.0
787,5814.0,99.71,45039.0
788,5769.0,98.94,45095.0
789,5792.0,99.33,45153.0
790,5744.0,98.51,45210.0
791,5540.0,95.01,45267.0
792,5810.0,99.64,45325.0
793,5809.0,99.62,45382.0
794,5809.0,99.62,45440.0
795,5762.0,98.82,45497.0
796,5809.0,99.62,45554.0
797,5768.0,98.92,45611.0
798,5770.0,98.96,45668.0
799,5815.0,99.73,45725.0
800,5792.0,99.33,45783.0
801,5786.0,99.23,45840.0
802,5810.0,99.64,45897.0
803,5808.0,99.61,45955.0
804,5809.0,99.62,46012.0
805,5785.0,99.21,46069.0
806,5808.0,99.61,46127.0
807,5808.0,99.61,46184.0
808,5786.0,99.23,46241.0
809,5831.0,100.0,46299.0
810,5737.0,98.39,46356.0
811,5769.0,98.94,46412.0
812,5792.0,99.33,46470.0
813,5838.0,100.12,46527.0
814,5769.0,98.94,46584.0
815,5763.0,98.84,46642.0
816,5639.0,96.71,46699.0
817,5786.0,99.23,46756.0
818,5763.0,98.84,46814.0
819,5786.0,99.23,46871.0
820,5692.0,97.62,46928.0
821,5768.0,98.92,46985.0
822,5815.0,99.73,47042.0
823,5792.0,99.33,47099.0
824,5785.0,99.21,47157.0
825,5809.0,99.62,47214.0
826,5808.0,99.61,47271.0
827,5440.0,93.3,47329.0
828,5786.0,99.23,47386.0
829,5769.0,98.94,47442.0
830,5746.0,98.54,47500.0
831,5746.0,98.54,47557.0
832,5786.0,99.23,47614.0
833,5833.0,100.04,47672.0
834,5810.0,99.64,47729.0
835,5810.0,99.64,47787.0
836,5740.0,98.44,47844.0
837,5788.0,99.26,47901.0
838,5810.0,99.64,47959.0
839,5810.0,99.64,48016.0
840,5834.0,100.05,48073.0
841,5788.0,99.26,48131.0
842,5836.0,100.09,48188.0
843,5766.0,98.89,48245.0
844,5815.0,99.73,48303.0
845,5771.0,98.97,48359.0
846,5817.0,99.76,48416.0
847,5818.0,99.78,48474.0
848,5811.0,99.66,48531.0
849,5789.0,99.28,48588.0
850,5812.0,99.68,48646.0
851,5766.0,98.89,48703.0
852,5812.0,99.68,48760.0
853,5834.0,100.05,48818.0
854,5835.0,100.07,48875.0
855,5834.0,100.05,48932.0
856,5765.0,98.87,48990.0
857,5765.0,98.87,49047.0
858,5741.0,98.46,49104.0
859,5789.0,99.28,49162.0
860,5770.0,98.96,49218.0
861,5794.0,99.37,49275.0
862,5817.0,99.76,49333.0
863,5772.0,98.99,49390.0
864,5789.0,99.28,49447.0
865,5742.0,98.48,49505.0
866,5811.0,99.66,49562.0
867,5811.0,99.66,49619.0
868,5618.0,96.35,49677.0
869,5811.0,99.66,49734.0
870,5297.0,90.84,49790.0
871,5788.0,99.26,49848.0
872,5789.0,99.28,49905.0
873,5788.0,99.26,49963.0
874,5811.0,99.66,50020.0
875,5766.0,98.89,50077.0
876,5809.0,99.62,50135.0
877,5794.0,99.37,50191.0
878,5771.0,98.97,50248.0
879,5816.0,99.74,50306.0
880,5770.0,98.96,50363.0
881,5740.0,98.44,50420.0
882,5787.0,99.25,50478.0
883,5809.0,99.62,50535.0
884,5565.0,95.44,50592.0
885,5764.0,98.85,50650.0
886,5794.0,99.37,50706.0
887,5744.0,98.51,50763.0
888,5770.0,98.96,50821.0
889,5787.0,99.25,50878.0
890,5809.0,99.62,50935.0
891,5764.0,98.85,50993.0
892,5809.0,99.62,51050.0
893,5787.0,99.25,51107.0
894,5809.0,99.62,51165.0
895,5787.0,99.25,51222.0
896,5810.0,99.64,51279.0
897,5596.0,95.97,51336.0
898,5792.0,99.33,51393.0
899,5619.0,96.37,51450.0
900,5688.0,97.55,51508.0
901,5835.0,100.07,51565.0
902,5786.0,99.23,51622.0
903,5786.0,99.23,51680.0
904,5809.0,99.62,51737.0
905,5808.0,99.61,51794.0
906,5763.0,98.84,51852.0
907,5770.0,98.96,51908.0
908,5815.0,99.73,51965.0
909,5815.0,99.73,52023.0
910,5816.0,99.74,52080.0
911,5786.0,99.23,52137.0
912,5787.0,99.25,52195.0
913,5833.0,100.04,52252.0
914,5832.0,100.02,52310.0
915,5786.0,99.23,52367.0
916,5810.0,99.64,52424.0
917,5763.0,98.84,52482.0
918,5809.0,99.62,52539.0
919,5786.0,99.23,52596.0
920,5763.0,98.84,52654.0
921,5786.0,99.23,52711.0
922,5815.0,99.73,52767.0
923,5770.0,98.96,52825.0
924,5769.0,98.94,52882.0
925,5745.0,98.53,52939.0
926,5832.0,100.02,52997.0
927,5715.0,98.01,53054.0
928,5664.0,97.14,53111.0
929,5590.0,95.87,53169.0
930,5745.0,98.53,53225.0
931,5815.0,99.73,53282.0
932,5769.0,98.94,53340.0
933,5810.0,99.64,53397.0
934,5809.0,99.62,53454.0
935,5739.0,98.42,53512.0
936,5787.0,99.25,53569.0
937,5785.0,99.21,53626.0
938,5764.0,98.85,53684.0
939,5665.0,97.15,53741.0
940,5792.0,99.33,53797.0
941,5745.0,98.53,53855.0
942,5770.0,98.96,53912.0
943,5786.0,99.23,53969.0
944,5764.0,98.85,54027.0
945,5786.0,99.23,54084.0
946,5787.0,99.25,54141.0
947,5810.0,99.64,54199.0
948,5764.0,98.85,54256.0
949,5809.0,99.62,54313.0
950,5787.0,99.25,54371.0
951,5787.0,99.25,54428.0
952,5792.0,99.33,54484.0
953,5770.0,98.96,54542.0
954,5839.0,100.14,54599.0
955,5815.0,99.73,54657.0
956,5768.0,98.92,54714.0
957,5763.0,98.84,54771.0
958,5591.0,95.89,54829.0
959,5764.0,98.85,54886.0
960,5786.0,99.23,54943.0
961,5786.0,99.23,55001.0
962,5793.0,99.35,55058.0
963,5770.0,98.96,55114.0
964,5815.0,99.73,55172.0
965,5816.0,99.74,55229.0
966,5792.0,99.33,55286.0
967,5763.0,98.84,55344.0
968,5738.0,98.41,55401.0
969,5785.0,99.21,55458.0
970,5763.0,98.84,55516.0
971,5832.0,100.02,55573.0
972,5639.0,96.71,55630.0
973,5791.0,99.32,55688.0
974,5769.0,98.94,55744.0
975,5769.0,98.94,55801.0
976,5814.0,99.71,55859.0
977,5832.0,100.02,55916.0
978,5832.0,100.02,55973.0
979,5762.0,98.82,56031.0
980,5663.0,97.12,56088.0
981,5785.0,99.21,56145.0
982,5762.0,98.82,56203.0
983,5784.0,99.2,56260.0
984,5785.0,99.21,56317.0
985,5808.0,99.61,56375.0
986,5792.0,99.33,56431.0
987,5791.0,99.32,56488.0
988,5814.0,99.71,56546.0
989,5792.0,99.33,56603.0
990,5785.0,99.21,56660.0
991,5831.0,100.0,56718.0
992,5762.0,98.82,56775.0
993,5762.0,98.82,56833.0
994,5764.0,98.85,56890.0
995,5808.0,99.61,56947.0
996,5761.0,98.8,57005.0
997,5713.0,97.98,57062.0
998,5719.0,98.08,57118.0
999,5814.0,99.71,57176.0
1000,5814.0,99.71,57233.0
1001,5815.0,99.73,57290.0
1002,5791.0,99.32,57348.0
1003,5785.0,99.21,57405.0
1004,5785.0,99.21,57462.0
1005,5784.0,99.2,57520.0
1006,5785.0,99.21,57577.0
1007,5738.0,98.41,57634.0
1008,5830.0,99.98,57692.0
1009,5808.0,99.61,57749.0
1010,5785.0,99.21,57806.0
1011,5784.0,99.2,57864.0
1012,5807.0,99.59,57921.0
1013,5762.0,98.82,57978.0
1014,5738.0,98.41,58036.0
1015,5784.0,99.2,58093.0
1016,5760.0,98.78,58150.0
1017,5783.0,99.18,58208.0
1018,5833.0,100.04,58265.0
1019,5806.0,99.57,58322.0
1020,5761.0,98.8,58380.0
1021,5785.0,99.21,58437.0
1022,5830.0,99.98,58494.0
1023,5808.0,99.61,58552.0
1024,5768.0,98.92,58608.0
1025,5790.0,99.3,58665.0
1026,5743.0,98.49,58723.0
1027,5839.0,100.14,58780.0
1028,5813.0,99.69,58838.0
1029,5790.0,99.3,58895.0
1030,5790.0,99.3,58952.0
1031,5790.0,99.3,59010.0
1032,5767.0,98.9,59067.0
1033,5785.0,99.21,59124.0
1034,5761.0,98.8,59182.0
1035,5808.0,99.61,59239.0
1036,5808.0,99.61,59296.0
1037,5763.0,98.84,59354.0
1038,5807.0,99.59,59411.0
1039,5762.0,98.82,59468.0
1040,5786.0,99.23,59526.0
1041,5738.0,98.41,59583.0
1042,5762.0,98.82,59640.0
1043,5809.0,99.62,59698.0
1044,5787.0,99.25,59755.0
1045,5764.0,98.85,59812.0
1046,5787.0,99.25,59870.0
1047,5763.0,98.84,59927.0
1048,5770.0,98.96,59984.0
1049,5816.0,99.74,60041.0
1050,5770.0,98.96,60098.0
1051,5770.0,98.96,60155.0
1052,5817.0,99.76,60213.0
1053,5772.0,98.99,60270.0
1054,5793.0,99.35,60327.0
1055,5815.0,99.73,60385.0
1056,5790.0,99.3,60442.0
1057,5765.0,98.87,60499.0
1058,5787.0,99.25,60557.0
1059,5765.0,98.87,60614.0
1060,5787.0,99.25,60672.0
1061,5786.0,99.23,60729.0
1062,5764.0,98.85,60786.0
1063,5810.0,99.64,60844.0
1064,5786.0,99.23,60901.0
1065,5832.0,100.02,60958.0
1066,5786.0,99.23,61016.0
1067,5786.0,99.23,61073.0
1068,5764.0,98.85,61130.0
1069,5763.0,98.84,61188.0
1070,5785.0,99.21,61245.0
1071,5809.0,99.62,61302.0
1072,5808.0,99.61,61360.0
1073,5786.0,99.23,61417.0
1074,5786.0,99.23,61474.0
1075,5811.0,99.66,61532.0
1076,5786.0,99.23,61589.0
1077,5792.0,99.33,61646.0
1078,5745.0,98.53,61703.0
1079,5815.0,99.73,61760.0
1080,5769.0,98.94,61817.0
1081,5792.0,99.33,61875.0
1082,5792.0,99.33,61932.0
1083,5744.0,98.51,61989.0
1084,5785.0,99.21,62047.0
1085,5763.0,98.84,62104.0
1086,5786.0,99.23,62161.0
1087,5763.0,98.84,62219.0
1088,5787.0,99.25,62276.0
1089,5809.0,99.62,62333.0
1090,5809.0,99.62,62391.0
1091,5762.0,98.82,62448.0
1092,5808.0,99.61,62505.0
1093,5809.0,99.62,62563.0
1094,5809.0,99.62,62620.0
1095,5809.0,99.62,62678.0
1096,5787.0,99.25,62735.0
1097,5786.0,99.23,62792.0
1098,5763.0,98.84,62850.0
1099,5809.0,99.62,62907.0
1100,5809.0,99.62,62964.0
1101,5808.0,99.61,63022.0
1102,5785.0,99.21,63079.0
1103,5786.0,99.23,63136.0
1104,5809.0,99.62,63194.0
1105,5809.0,99.62,63251.0
1106,5746.0,98.54,63308.0
1107,5793.0,99.35,63365.0
1108,5770.0,98.96,63422.0
1109,5770.0,98.96,63479.0
1110,5769.0,98.94,63537.0
1111,5793.0,99.35,63594.0
1112,5839.0,100.14,63651.0
1113,5793.0,99.35,63709.0
1114,5746.0,98.54,63766.0
1115,5763.0,98.84,63823.0
1116,5765.0,98.87,63881.0
1117,5764.0,98.85,63938.0
1118,5740.0,98.44,63995.0
1119,5836.0,100.09,64053.0
1120,5665.0,97.15,64110.0
1121,5763.0,98.84,64167.0
1122,5835.0,100.07,64225.0
1123,5740.0,98.44,64282.0
1124,5787.0,99.25,64339.0
1125,5788.0,99.26,64397.0
1126,5809.0,99.62,64454.0
1127,5647.0,96.85,64510.0
1128,5793.0,99.35,64568.0
1129,5793.0,99.35,64625.0
1130,5769.0,98.94,64683.0
1131,5770.0,98.96,64740.0
1132,5719.0,98.08,64797.0
1133,5809.0,99.62,64855.0
1134,5689.0,97.57,64912.0
1135,5765.0,98.87,64969.0
1136,5810.0,99.64,65027.0
1137,5763.0,98.84,65084.0
1138,5738.0,98.41,65141.0
1139,5809.0,99.62,65199.0
1140,5522.0,94.7,65256.0
1141,5816.0,99.74,65312.0
1142,5819.0,99.8,65370.0
1143,5817.0,99.76,65427.0
1144,5817.0,99.76,65484.0
1145,5794.0,99.37,65542.0
1146,5818.0,99.78,65599.0
1147,5818.0,99.78,65656.0
1148,5795.0,99.38,65714.0
1149,5722.0,98.13,65771.0
1150,5818.0,99.78,65828.0
1151,5766.0,98.89,65886.0
1152,5765.0,98.87,65943.0
1153,5765.0,98.87,66000.0
1154,5811.0,99.66,66058.0
1155,5811.0,99.66,66115.0
1156,5812.0,99.68,66172.0
1157,5788.0,99.26,66230.0
1158,5788.0,99.26,66287.0
1159,5765.0,98.87,66344.0
1160,5811.0,99.66,66402.0
1161,5837.0,100.1,66459.0
1162,5765.0,98.87,66516.0
1163,5788.0,99.26,66574.0
1164,5787.0,99.25,66631.0
1165,5810.0,99.64,66689.0
1166,5591.0,95.89,66746.0
1167,5747.0,98.56,66802.0
1168,5793.0,99.35,66860.0
1169,5772.0,98.99,66917.0
1170,5816.0,99.74,66974.0
1171,5816.0,99.74,67032.0
1172,5793.0,99.35,67089.0
1173,5771.0,98.97,67146.0
1174,5815.0,99.73,67204.0
1175,5793.0,99.35,67261.0
1176,5763.0,98.84,67318.0
1177,5786.0,99.23,67376.0
1178,5763.0,98.84,67433.0
1179,5809.0,99.62,67490.0
1180,5763.0,98.84,67548.0
1181,5788.0,99.26,67605.0
1182,5764.0,98.85,67662.0
1183,5810.0,99.64,67720.0
1184,5810.0,99.64,67777.0
1185,5738.0,98.41,67834.0
1186,5809.0,99.62,67892.0
1187,5763.0,98.84,67949.0
1188,5809.0,99.62,68006.0
1189,5763.0,98.84,68064.0
1190,5738.0,98.41,68121.0
1191,5786.0,99.23,68178.0
1192,5809.0,99.62,68236.0
1193,5721.0,98.12,68292.0
1194,5769.0,98.94,68349.0
1195,5793.0,99.35,68407.0
1196,5770.0,98.96,68464.0
1197,5793.0,99.35,68521.0
1198,5787.0,99.25,68579.0
1199,5763.0,98.84,68636.0
1200,5810.0,99.64,68694.0
1201,5810.0,99.64,68751.0
1202,5809.0,99.62,68808.0
1203,5786.0,99.23,68866.0
1204,5787.0,99.25,68923.0
1205,5688.0,97.55,68980.0
1206,5786.0,99.23,69038.0
1207,5835.0,100.07,69095.0
1208,5740.0,98.44,69152.0
1209,5785.0,99.21,69210.0
1210,5763.0,98.84,69267.0
1211,5738.0,98.41,69324.0
1212,5763.0,98.84,69382.0
1213,5220.0,89.52,69438.0
1214,5763.0,98.84,69495.0
1215,5588.0,95.83,69553.0
1216,5808.0,99.61,69610.0
1217,5808.0,99.61,69667.0
1218,5808.0,99.61,69725.0
1219,5784.0,99.2,69782.0
1220,5808.0,99.61,69839.0
1221,5808.0,99.61,69897.0
1222,5762.0,98.82,69954.0
1223,5814.0,99.71,70011.0
1224,5769.0,98.94,70068.0
1225,5744.0,98.51,70125.0
1226,5767.0,98.9,70182.0
1227,5814.0,99.71,70240.0
1228,5814.0,99.71,70297.0
1229,5791.0,99.32,70354.0
1230,5791.0,99.32,70412.0
1231,5785.0,99.21,70469.0
1232,5737.0,98.39,70526.0
1233,5763.0,98.84,70584.0
1234,5807.0,99.59,70641.0
1235,5688.0,97.55,70699.0
1236,5763.0,98.84,70756.0
1237,5762.0,98.82,70813.0
1238,5785.0,99.21,70871.0
1239,5785.0,99.21,70928.0
1240,5737.0,98.39,70985.0
1241,5762.0,98.82,71043.0
1242,5791.0,99.32,71100.0
1243,5839.0,100.14,71157.0
1244,5766.0,98.89,71215.0
1245,5766.0,98.89,71271.0
1246,5790.0,99.3,71328.0
1247,5813.0,99.69,71386.0
1248,5813.0,99.69,71443.0
1249,5790.0,99.3,71500.0
1250,5790.0,99.3,71558.0
1251,5813.0,99.69,71615.0
1252,5813.0,99.69,71672.0
1253,5812.0,99.68,71730.0
1254,5784.0,99.2,71787.0
1255,5736.0,98.37,71844.0
1256,5807.0,99.59,71902.0
1257,5807.0,99.59,71959.0
1258,5263.0,90.26,72016.0
1259,5766.0,98.89,72073.0
1260,5767.0,98.9,72130.0
1261,5839.0,100.14,72187.0
1262,5768.0,98.92,72245.0
1263,5718.0,98.06,72302.0
1264,5766.0,98.89,72359.0
1265,5762.0,98.82,72417.0
1266,5784.0,99.2,72474.0
1267,5537.0,94.96,72531.0
1268,5831.0,100.0,72589.0
1269,5737.0,98.39,72646.0
1270,5834.0,100.05,72704.0
1271,5785.0,99.21,72761.0
1272,5786.0,99.23,72818.0
1273,5786.0,99.23,72876.0
1274,5786.0,99.23,72933.0
1275,5762.0,98.82,72990.0
1276,5786.0,99.23,73048.0
1277,5739.0,98.42,73105.0
1278,5793.0,99.35,73162.0
1279,5792.0,99.33,73219.0
1280,5815.0,99.73,73276.0
1281,5815.0,99.73,73333.0
1282,5816.0,99.74,73391.0
1283,5771.0,98.97,73448.0
1284,5794.0,99.37,73505.0
1285,5816.0,99.74,73563.0
1286,5815.0,99.73,73620.0
1287,5770.0,98.96,73677.0
1288,5793.0,99.35,73735.0
1289,5811.0,99.66,73792.0
1290,5787.0,99.25,73849.0
1291,5810.0,99.64,73907.0
1292,5786.0,99.23,73964.0
1293,5764.0,98.85,74021.0
1294,5787.0,99.25,74079.0
1295,5787.0,99.25,74136.0
1296,5763.0,98.84,74193.0
1297,5764.0,98.85,74251.0
1298,5787.0,99.25,74308.0
1299,5763.0,98.84,74365.0
1300,5810.0,99.64,74423.0
1301,5713.0,97.98,74480.0
1302,5763.0,98.84,74537.0
1303,5763.0,98.84,74595.0
1304,5833.0,100.04,74652.0
1305,5810.0,99.64,74710.0
1306,5768.0,98.92,74766.0
1307,5770.0,98.96,74823.0
1308,5746.0,98.54,74881.0
1309,5771.0,98.97,74938.0
1310,5746.0,98.54,74995.0
1311,5788.0,99.26,75053.0
1312,5789.0,99.28,75110.0
1313,5789.0,99.28,75167.0
1314,5838.0,100.12,75225.0
1315,5617.0,96.33,75282.0
1316,5812.0,99.68,75339.0
1317,5812.0,99.68,75397.0
1318,5766.0,98.89,75454.0
1319,5766.0,98.89,75511.0
1320,5742.0,98.48,75569.0
1321,5767.0,98.9,75626.0
1322,5788.0,99.26,75683.0
1323,5673.0,97.29,75741.0
1324,5672.0,97.27,75797.0
1325,5795.0,99.38,75854.0
1326,5771.0,98.97,75912.0
1327,5794.0,99.37,75969.0
1328,5811.0,99.66,76026.0
1329,5811.0,99.66,76084.0
1330,5765.0,98.87,76141.0
1331,5788.0,99.26,76198.0
1332,5787.0,99.25,76256.0
1333,5834.0,100.05,76313.0
1334,5787.0,99.25,76370.0
1335,5788.0,99.26,76428.0
1336,5788.0,99.26,76485.0
1337,5788.0,99.26,76542.0
1338,5691.0,97.6,76600.0
1339,5764.0,98.85,76657.0
1340,5833.0,100.04,76715.0
1341,5787.0,99.25,76772.0
1342,5787.0,99.25,76829.0
1343,5787.0,99.25,76887.0
1344,5764.0,98.85,76944.0
1345,5765.0,98.87,77001.0
1346,5788.0,99.26,77059.0
1347,5813.0,99.69,77116.0
1348,5671.0,97.26,77172.0
1349,5770.0,98.96,77230.0
1350,5770.0,98.96,77287.0
1351,5769.0,98.94,77344.0
1352,5739.0,98.42,77402.0
1353,5810.0,99.64,77459.0
1354,5788.0,99.26,77516.0
1355,5764.0,98.85,77574.0
1356,5765.0,98.87,77631.0
1357,5765.0,98.87,77688.0
1358,5740.0,98.44,77746.0
1359,5810.0,99.64,77803.0
1360,5787.0,99.25,77860.0
1361,5787.0,99.25,77918.0
1362,5765.0,98.87,77975.0
1363,5787.0,99.25,78032.0
1364,5764.0,98.85,78090.0
1365,5833.0,100.04,78147.0
1366,5811.0,99.66,78204.0
1367,5788.0,99.26,78262.0
1368,5764.0,98.85,78319.0
1369,5816.0,99.74,78376.0
1370,5771.0,98.97,78433.0
1371,5817.0,99.76,78490.0
1372,5794.0,99.37,78547.0
1373,5840.0,100.16,78605.0
1374,5794.0,99.37,78662.0
1375,5771.0,98.97,78720.0
1376,5772.0,98.99,78777.0
1377,5817.0,99.76,78834.0
1378,5816.0,99.74,78892.0
1379,5817.0,99.76,78949.0
1380,5843.0,100.21,79006.0
1381,5771.0,98.97,79064.0
1382,5746.0,98.54,79121.0
1383,5811.0,99.66,79178.0
1384,5811.0,99.66,79236.0
1385,5811.0,99.66,79293.0
1386,5788.0,99.26,79350.0
1387,5787.0,99.25,79408.0
1388,5811.0,99.66,79465.0
1389,5812.0,99.68,79522.0
1390,5811.0,99.66,79580.0
1391,5568.0,95.49,79637.0
1392,5788.0,99.26,79694.0
1393,5765.0,98.87,79752.0
1394,5835.0,100.07,79809.0
1395,5766.0,98.89,79866.0
1396,5811.0,99.66,79924.0
1397,5811.0,99.66,79981.0
1398,5788.0,99.26,80038.0
1399,5789.0,99.28,80096.0
1400,5789.0,99.28,80153.0
1401,5789.0,99.28,80210.0
1402,5766.0,98.89,80268.0
1403,5794.0,99.37,80324.0
1404,5795.0,99.38,80381.0
1405,5747.0,98.56,80439.0
1406,5818.0,99.78,80496.0
1407,5772.0,98.99,80553.0
1408,5772.0,98.99,80611.0
1409,5244.0,89.93,80668.0
1410,5788.0,99.26,80726.0
1411,5789.0,99.28,80783.0
1412,5740.0,98.44,80840.0
1413,5771.0,98.97,80897.0
1414,5795.0,99.38,80954.0
1415,5771.0,98.97,81011.0
1416,5771.0,98.97,81069.0
1417,5747.0,98.56,81126.0
1418,5765.0,98.87,81183.0
1419,5788.0,99.26,81241.0
1420,5788.0,99.26,81298.0
1421,5689.0,97.57,81355.0
1422,5766.0,98.89,81413.0
1423,5641.0,96.74,81470.0
1424,5765.0,98.87,81527.0
1425,5789.0,99.28,81585.0
1426,5788.0,99.26,81642.0
1427,5696.0,97.69,81698.0
1428,5771.0,98.97,81756.0
1429,5817.0,99.76,81813.0
1430,5771.0,98.97,81870.0
1431,5771.0,98.97,81928.0
1432,5795.0,99.38,81985.0
1433,5817.0,99.76,82042.0
1434,5817.0,99.76,82100.0
1435,5740.0,98.44,82157.0
1436,5766.0,98.89,82214.0
1437,5591.0,95.89,82272.0
1438,5741.0,98.46,82329.0
1439,5765.0,98.87,82386.0
1440,5811.0,99.66,82444.0
1441,5716.0,98.03,82501.0
1442,5788.0,99.26,82558.0
1443,5789.0,99.28,82616.0
1444,5795.0,99.38,82673.0
1445,5794.0,99.37,82729.0
1446,5746.0,98.54,82787.0
1447,5794.0,99.37,82844.0
1448,5746.0,98.54,82902.0
1449,5817.0,99.76,82959.0
1450,5794.0,99.37,83016.0
1451,5740.0,98.44,83074.0
1452,5812.0,99.68,83131.0
1453,5765.0,98.87,83188.0
1454,5765.0,98.87,83246.0
1455,5789.0,99.28,83303.0
1456,5789.0,99.28,83360.0
1457,5765.0,98.87,83418.0
1458,5788.0,99.26,83475.0
1459,5788.0,99.26,83532.0
1460,5765.0,98.87,83590.0
1461,5810.0,99.64,83647.0
1462,5766.0,98.89,83704.0
1463,5788.0,99.26,83762.0
1464,5766.0,98.89,83819.0
1465,5765.0,98.87,83876.0
1466,5746.0,98.54,83933.0
1467,5794.0,99.37,83990.0
1468,5722.0,98.13,84047.0
1469,5794.0,99.37,84105.0
1470,5843.0,100.21,84162.0
1471,5795.0,99.38,84219.0
1472,5817.0,99.76,84277.0
1473,5843.0,100.21,84334.0
1474,5794.0,99.37,84391.0
1475,5817.0,99.76,84449.0
1476,5745.0,98.53,84506.0
1477,5765.0,98.87,84563.0
1478,5788.0,99.26,84621.0
1479,5810.0,99.64,84678.0
1480,5788.0,99.26,84736.0
1481,5787.0,99.25,84793.0
1482,5810.0,99.64,84850.0
1483,5810.0,99.64,84908.0
1484,5811.0,99.66,84965.0
1485,5787.0,99.25,85022.0
1486,5690.0,97.58,85080.0
1487,5811.0,99.66,85137.0
1488,5788.0,99.26,85194.0
1489,5787.0,99.25,85252.0
1490,5740.0,98.44,85309.0
1491,5097.0,87.41,85365.0
1492,5640.0,96.73,85423.0
1493,5834.0,100.05,85480.0
1494,5765.0,98.87,85537.0
1495,5789.0,99.28,85595.0
1496,5810.0,99.64,85652.0
1497,5765.0,98.87,85709.0
1498,5764.0,98.85,85767.0
1499,5811.0,99.66,85824.0
1500,5765.0,98.87,85881.0
1501,5746.0,98.54,85938.0
1502,5771.0,98.97,85995.0
1503,5772.0,98.99,86052.0
1504,5795.0,99.38,86110.0
1505,5794.0,99.37,86167.0
1506,5771.0,98.97,86224.0
1507,5740.0,98.44,86282.0
1508,5811.0,99.66,86339.0
1509,5788.0,99.26,86396.0
1510,5592.0,95.9,86454.0
1511,5764.0,98.85,86511.0
1512,5248.0,90.0,86567.0
1513,5811.0,99.66,86625.0
1514,5241.0,89.88,86682.0
1515,5741.0,98.46,86739.0
1516,5770.0,98.96,86796.0
1517,5817.0,99.76,86853.0
1518,5771.0,98.97,86910.0
1519,5817.0,99.76,86968.0
1520,5844.0,100.22,87025.0
1521,5841.0,100.17,87083.0
1522,5836.0,100.09,87141.0
1523,5789.0,99.28,87198.0
1524,5817.0,99.76,87256.0
1525,5771.0,98.97,87312.0
1526,5771.0,98.97,87369.0
1527,5770.0,98.96,87427.0
1528,5772.0,98.99,87484.0
1529,5844.0,100.22,87541.0
1530,5794.0,99.37,87599.0
1531,5795.0,99.38,87656.0
1532,5772.0,98.99,87713.0
1533,5837.0,100.1,87771.0
1534,5747.0,98.56,87828.0
1535,5789.0,99.28,87885.0
1536,5766.0,98.89,87943.0
1537,5789.0,99.28,88000.0
1538,5789.0,99.28,88057.0
1539,5765.0,98.87,88115.0
1540,5765.0,98.87,88172.0
1541,5764.0,98.85,88229.0
1542,5812.0,99.68,88287.0
1543,5788.0,99.26,88344.0
1544,5717.0,98.05,88401.0
1545,5764.0,98.85,88459.0
1546,5765.0,98.87,88516.0
1547,5812.0,99.68,88573.0
1548,5771.0,98.97,88630.0
1549,5746.0,98.54,88687.0
1550,5794.0,99.37,88744.0
1551,5771.0,98.97,88802.0
1552,5573.0,95.58,88859.0
1553,5788.0,99.26,88916.0
1554,5765.0,98.87,88974.0
1555,5788.0,99.26,89031.0
1556,5811.0,99.66,89089.0
1557,5741.0,98.46,89146.0
1558,5766.0,98.89,89203.0
1559,5837.0,100.1,89261.0
1560,5788.0,99.26,89318.0
1561,5740.0,98.44,89375.0
1562,5788.0,99.26,89433.0
1563,5788.0,99.26,89490.0
1564,5788.0,99.26,89547.0
1565,5788.0,99.26,89605.0
1566,5765.0,98.87,89662.0
1567,5811.0,99.66,89719.0
1568,5747.0,98.56,89776.0
1569,5844.0,100.22,89833.0
1570,5818.0,99.78,89891.0
1571,5747.0,98.56,89948.0
1572,5818.0,99.78,90005.0
1573,5795.0,99.38,90062.0
1574,5248.0,90.0,90120.0
1575,5811.0,99.66,90177.0
1576,5838.0,100.12,90234.0
1577,5766.0,98.89,90292.0
1578,5789.0,99.28,90349.0
1579,5789.0,99.28,90406.0
1580,5838.0,100.12,90464.0
1581,5766.0,98.89,90521.0
1582,5812.0,99.68,90578.0
1583,5715.0,98.01,90636.0
1584,5766.0,98.89,90693.0
1585,5722.0,98.13,90749.0
1586,5773.0,99.01,90807.0
1587,5772.0,98.99,90864.0
1588,5771.0,98.97,90921.0
1589,5844.0,100.22,90979.0
1590,5844.0,100.22,91036.0
1591,5817.0,99.76,91094.0
1592,5748.0,98.58,91151.0
1593,5795.0,99.38,91208.0
1594,5747.0,98.56,91266.0
1595,5767.0,98.9,91323.0
1596,5838.0,100.12,91380.0
1597,5812.0,99.68,91438.0
1598,5741.0,98.46,91495.0
1599,5789.0,99.28,91552.0
1600,5741.0,98.46,91610.0
1601,5812.0,99.68,91667.0
1602,5789.0,99.28,91724.0
1603,5223.0,89.57,91781.0
1604,5795.0,99.38,91838.0
1605,5818.0,99.78,91895.0
1606,5771.0,98.97,91953.0
1607,5792.0,99.33,92010.0
1608,5789.0,99.28,92067.0
1609,5766.0,98.89,92125.0
1610,5812.0,99.68,92182.0
1611,5789.0,99.28,92239.0
1612,5765.0,98.87,92297.0
1613,5766.0,98.89,92354.0
1614,5835.0,100.07,92411.0
1615,5765.0,98.87,92469.0
1616,5789.0,99.28,92526.0
1617,5811.0,99.66,92583.0
1618,5592.0,95.9,92641.0
1619,5811.0,99.66,92698.0
1620,5766.0,98.89,92755.0
1621,5766.0,98.89,92813.0
1622,5811.0,99.66,92870.0
1623,5794.0,99.37,92926.0
1624,5795.0,99.38,92984.0
1625,5795.0,99.38,93041.0
1626,5817.0,99.76,93099.0
1627,5818.0,99.78,93156.0
1628,5817.0,99.76,93213.0
1629,5818.0,99.78,93271.0
1630,5771.0,98.97,93328.0
1631,5771.0,98.97,93385.0
1632,5770.0,98.96,93443.0
1633,5789.0,99.28,93500.0
1634,5766.0,98.89,93557.0
1635,5837.0,100.1,93615.0
1636,5787.0,99.25,93672.0
1637,5812.0,99.68,93729.0
1638,5837.0,100.1,93787.0
1639,5766.0,98.89,93844.0
1640,5765.0,98.87,93901.0
1641,5766.0,98.89,93959.0
1642,5766.0,98.89,94016.0
1643,5789.0,99.28,94073.0
1644,5790.0,99.3,94131.0
1645,5811.0,99.66,94188.0
1646,5789.0,99.28,94245.0
1647,5789.0,99.28,94303.0
1648,5812.0,99.68,94360.0
1649,5766.0,98.89,94417.0
1650,5788.0,99.26,94475.0
1651,5790.0,99.3,94532.0
1652,5789.0,99.28,94589.0
1653,5789.0,99.28,94647.0
1654,5772.0,98.99,94704.0
1655,5817.0,99.76,94761.0
1656,5772.0,98.99,94818.0
1657,5772.0,98.99,94875.0
1658,5817.0,99.76,94932.0
1659,5771.0,98.97,94990.0
1660,5840.0,100.16,95047.0
1661,5817.0,99.76,95105.0
1662,5771.0,98.97,95162.0
1663,5841.0,100.17,95219.0
1664,5817.0,99.76,95277.0
1665,5843.0,100.21,95334.0
1666,5772.0,98.99,95391.0
1667,5772.0,98.99,95449.0
1668,5721.0,98.12,95506.0
1669,5666.0,97.17,95563.0
1670,5788.0,99.26,95621.0
1671,5767.0,98.9,95678.0
1672,5766.0,98.89,95735.0
1673,5811.0,99.66,95793.0
1674,5812.0,99.68,95850.0
1675,5765.0,98.87,95907.0
1676,5788.0,99.26,95965.0
1677,5811.0,99.66,96022.0
1678,5788.0,99.26,96079.0
1679,5811.0,99.66,96137.0
1680,5811.0,99.66,96194.0
1681,5622.0,96.42,96251.0
1682,5771.0,98.97,96308.0
1683,5817.0,99.76,96365.0
1684,5817.0,99.76,96422.0
1685,5817.0,99.76,96480.0
1686,5771.0,98.97,96537.0
1687,5794.0,99.37,96594.0
1688,5772.0,98.99,96652.0
1689,5839.0,100.14,96709.0
1690,5817.0,99.76,96766.0
1691,5793.0,99.35,96824.0
1692,5770.0,98.96,96881.0
1693,5765.0,98.87,96939.0
1694,5787.0,99.25,96996.0
1695,5787.0,99.25,97053.0
1696,5787.0,99.25,97111.0
1697,5787.0,99.25,97168.0
1698,5786.0,99.23,97225.0
1699,5738.0,98.41,97283.0
1700,5764.0,98.85,97340.0
1701,5764.0,98.85,97397.0
1702,5764.0,98.85,97455.0
1703,5763.0,98.84,97512.0
1704,5833.0,100.04,97569.0
1705,5738.0,98.41,97627.0
1706,5786.0,99.23,97684.0
1707,5770.0,98.96,97741.0
1708,5770.0,98.96,97798.0
1709,5815.0,99.73,97855.0
1710,5792.0,99.33,97912.0
1711,5815.0,99.73,97970.0
1712,5794.0,99.37,98027.0
1713,5816.0,99.74,98084.0
1714,5838.0,100.12,98142.0
1715,5769.0,98.94,98199.0
1716,5793.0,99.35,98256.0
1717,5646.0,96.83,98314.0
1718,5763.0,98.84,98371.0
1719,5809.0,99.62,98428.0
1720,5764.0,98.85,98486.0
1721,5764.0,98.85,98543.0
1722,5810.0,99.64,98600.0
1723,5809.0,99.62,98658.0
1724,5740.0,98.44,98715.0
1725,5810.0,99.64,98772.0
1726,5786.0,99.23,98830.0
1727,5808.0,99.61,98887.0
1728,5808.0,99.61,98945.0
1729,5809.0,99.62,99002.0
1730,5809.0,99.62,99059.0
1731,5787.0,99.25,99117.0
1732,5762.0,98.82,99174.0
1733,5808.0,99.61,99231.0
1734,5808.0,99.61,99289.0
1735,5764.0,98.85,99346.0
1736,5769.0,98.94,99403.0
1737,5720.0,98.1,99460.0
1738,5793.0,99.35,99517.0
1739,5814.0,99.71,99574.0
1740,5791.0,99.32,99632.0
1741,5815.0,99.73,99689.0
1742,5768.0,98.92,99746.0
1743,5815.0,99.73,99804.0
1744,5836.0,100.09,99861.0
1745,5792.0,99.33,99918.0
1746,5815.0,99.73,99976.0
1747,5812.0,99.68,100033.0
1748,5793.0,99.35,100090.0
1749,5770.0,98.96,100148.0
1750,5769.0,98.94,100205.0
1751,5792.0,99.33,100262.0
1752,5815.0,99.73,100320.0
1753,5815.0,99.73,100377.0
