Index,deltaT_us,distance_cm,timestamp_ms
9,1713.0,29.38,478.0
10,1713.0,29.38,531.0
11,1713.0,29.38,584.0
12,1719.0,29.48,637.0
13,1695.0,29.07,690.0
14,1689.0,28.97,743.0
15,1713.0,29.38,796.0
16,1689.0,28.97,849.0
17,1719.0,29.48,902.0
18,1690.0,28.98,955.0
19,1713.0,29.38,1008.0
20,1713.0,29.38,1061.0
21,1713.0,29.38,1115.0
22,1719.0,29.48,1167.0
23,1719.0,29.48,1220.0
24,1713.0,29.38,1273.0
25,1713.0,29.38,1327.0
26,1713.0,29.38,1380.0
27,1689.0,28.97,1433.0
28,1719.0,29.48,1485.0
29,1695.0,29.07,1539.0
30,1690.0,28.98,1592.0
31,1689.0,28.97,1645.0
32,1689.0,28.97,1698.0
33,1719.0,29.48,1751.0
34,1719.0,29.48,1804.0
35,1713.0,29.38,1857.0
36,1713.0,29.38,1910.0
37,1691.0,29.0,1964.0
38,1689.0,28.97,2017.0
39,1718.0,29.46,2069.0
40,1719.0,29.48,2122.0
41,1713.0,29.38,2176.0
42,1712.0,29.36,2229.0
43,1713.0,29.38,2282.0
44,1713.0,29.38,2335.0
45,1718.0,29.46,2387.0
46,1696.0,29.09,2441.0
47,1712.0,29.36,2494.0
48,1713.0,29.38,2547.0
49,1712.0,29.36,2600.0
50,1698.0,29.12,2654.0
51,1697.0,29.1,2706.0
52,1692.0,29.02,2759.0
53,1691.0,29.0,2812.0
54,1691.0,29.0,2866.0
55,1691.0,29.0,2919.0
56,1697.0,29.1,2971.0
57,1691.0,29.0,3024.0
58,1691.0,29.0,3078.0
59,1691.0,29.0,3131.0
60,1691.0,29.0,3184.0
61,1719.0,29.48,3236.0
62,1719.0,29.48,3290.0
63,1713.0,29.38,3343.0
64,1713.0,29.38,3396.0
65,1712.0,29.36,3449.0
66,1713.0,29.38,3503.0
67,1719.0,29.48,3555.0
68,1719.0,29.48,3608.0
69,1713.0,29.38,3661.0
70,1712.0,29.36,3715.0
71,1712.0,29.36,3768.0
72,1712.0,29.36,3821.0
73,1719.0,29.48,3873.0
74,1719.0,29.48,3927.0
75,1712.0,29.36,3980.0
76,1713.0,29.38,4033.0
77,1690.0,28.98,4086.0
78,1712.0,29.36,4140.0
79,1718.0,29.46,4192.0
80,1689.0,28.97,4245.0
81,1712.0,29.36,4298.0
82,1712.0,29.36,4352.0
83,1713.0,29.38,4405.0
84,1719.0,29.48,4458.0
85,1719.0,29.48,4510.0
86,1713.0,29.38,4563.0
87,1712.0,29.36,4617.0
88,1691.0,29.0,4670.0
89,1713.0,29.38,4723.0
90,1719.0,29.48,4775.0
91,1696.0,29.09,4829.0
92,1712.0,29.36,4882.0
93,1712.0,29.36,4935.0
94,1712.0,29.36,4988.0
95,1689.0,28.97,5042.0
96,1719.0,29.48,5094.0
97,1719.0,29.48,5147.0
98,1713.0,29.38,5200.0
99,1690.0,28.98,5254.0
100,1712.0,29.36,5307.0
101,1691.0,29.0,5360.0
102,1697.0,29.1,5412.0
103,1718.0,29.46,5466.0
104,1713.0,29.38,5519.0
105,1713.0,29.38,5572.0
106,1713.0,29.38,5625.0
107,1713.0,29.38,5679.0
108,1713.0,29.38,5732.0
109,1713.0,29.38,5785.0
110,1697.0,29.1,5837.0
111,1697.0,29.1,5891.0
112,1691.0,29.0,5944.0
113,1713.0,29.38,5997.0
114,1712.0,29.36,6050.0
115,1713.0,29.38,6104.0
116,1689.0,28.97,6157.0
117,1696.0,29.09,6209.0
118,1697.0,29.1,6262.0
119,1712.0,29.36,6316.0
120,1713.0,29.38,6369.0
121,1691.0,29.0,6422.0
122,1691.0,29.0,6475.0
123,1691.0,29.0,6529.0
124,1697.0,29.1,6581.0
125,1697.0,29.1,6634.0
126,1712.0,29.36,6687.0
127,1691.0,29.0,6740.0
128,1713.0,29.38,6794.0
129,1691.0,29.0,6847.0
130,1691.0,29.0,6900.0
131,1718.0,29.46,6952.0
132,1719.0,29.48,7006.0
133,1697.0,29.1,7059.0
134,1692.0,29.02,7112.0
135,1691.0,29.0,7165.0
136,1713.0,29.38,7219.0
137,1691.0,29.0,7272.0
138,1719.0,29.48,7325.0
139,1719.0,29.48,7377.0
140,1719.0,29.48,7431.0
141,1691.0,29.0,7484.0
142,1691.0,29.0,7537.0
143,1712.0,29.36,7590.0
144,1713.0,29.38,7644.0
145,1691.0,29.0,7697.0
146,1697.0,29.1,7749.0
147,1696.0,29.09,7802.0
148,1689.0,28.97,7856.0
149,1713.0,29.38,7909.0
150,1689.0,28.97,7962.0
151,1712.0,29.36,8015.0
152,1713.0,29.38,8069.0
153,1695.0,29.07,8121.0
154,1718.0,29.46,8174.0
155,1691.0,29.0,8227.0
156,1712.0,29.36,8281.0
157,1691.0,29.0,8334.0
158,1691.0,29.0,8387.0
159,1713.0,29.38,8440.0
160,1695.0,29.07,8493.0
161,1719.0,29.48,8546.0
162,1719.0,29.48,8599.0
163,1713.0,29.38,8652.0
164,1713.0,29.38,8706.0
165,1712.0,29.36,8759.0
166,1690.0,28.98,8812.0
167,1712.0,29.36,8865.0
168,1718.0,29.46,8918.0
169,1719.0,29.48,8971.0
170,1713.0,29.38,9024.0
171,1712.0,29.36,9077.0
172,1712.0,29.36,9131.0
173,1713.0,29.38,9184.0
174,1713.0,29.38,9237.0
175,1712.0,29.36,9290.0
176,1695.0,29.07,9342.0
177,1719.0,29.48,9396.0
178,1712.0,29.36,9449.0
179,1713.0,29.38,9502.0
180,1713.0,29.38,9555.0
181,1689.0,28.97,9609.0
182,1713.0,29.38,9662.0
183,1689.0,28.97,9715.0
184,1719.0,29.48,9767.0
185,1695.0,29.07,9821.0
186,1713.0,29.38,9874.0
187,1713.0,29.38,9927.0
188,1689.0,28.97,9980.0
189,1712.0,29.36,10034.0
190,1712.0,29.36,10087.0
191,1691.0,29.0,10140.0
192,1719.0,29.48,10192.0
193,1719.0,29.48,10246.0
194,1695.0,29.07,10299.0
195,1712.0,29.36,10352.0
196,1689.0,28.97,10405.0
197,1689.0,28.97,10459.0
198,1712.0,29.36,10512.0
199,1713.0,29.38,10565.0
200,1691.0,29.0,10618.0
201,1713.0,29.38,10672.0
202,1689.0,28.97,10725.0
203,1718.0,29.46,10777.0
204,1719.0,29.48,10830.0
205,1695.0,29.07,10884.0
206,1689.0,28.97,10937.0
207,1691.0,29.0,10990.0
208,1713.0,29.38,11043.0
209,1712.0,29.36,11097.0
210,1713.0,29.38,11150.0
211,1689.0,28.97,11203.0
212,1713.0,29.38,11256.0
213,1713.0,29.38,11310.0
214,1719.0,29.48,11362.0
215,1719.0,29.48,11415.0
216,1719.0,29.48,11468.0
217,1716.0,29.43,11522.0
218,1713.0,29.38,11575.0
219,1713.0,29.38,11628.0
220,1713.0,29.38,11681.0
221,1712.0,29.36,11735.0
222,1713.0,29.38,11788.0
223,1712.0,29.36,11841.0
224,1713.0,29.38,11894.0
225,1712.0,29.36,11948.0
226,1719.0,29.48,12000.0
227,1718.0,29.46,12053.0
228,1719.0,29.48,12106.0
229,1719.0,29.48,12160.0
230,1712.0,29.36,12213.0
231,1713.0,29.38,12266.0
232,1713.0,29.38,12319.0
233,1712.0,29.36,12372.0
234,1713.0,29.38,12426.0
235,1712.0,29.36,12479.0
236,1714.0,29.4,12532.0
237,1713.0,29.38,12585.0
238,1713.0,29.38,12639.0
239,1718.0,29.46,12691.0
240,1719.0,29.48,12744.0
241,1719.0,29.48,12797.0
242,1719.0,29.48,12851.0
243,1713.0,29.38,12904.0
244,1714.0,29.4,12957.0
245,1713.0,29.38,13010.0
246,1713.0,29.38,13064.0
247,1712.0,29.36,13117.0
248,1690.0,28.98,13170.0
249,1713.0,29.38,13223.0
250,1712.0,29.36,13277.0
251,1719.0,29.48,13329.0
252,1719.0,29.48,13382.0
253,1718.0,29.46,13435.0
254,1718.0,29.46,13489.0
255,1713.0,29.38,13542.0
256,1712.0,29.36,13595.0
257,1689.0,28.97,13648.0
258,1713.0,29.38,13702.0
259,1713.0,29.38,13755.0
260,1712.0,29.36,13808.0
261,1713.0,29.38,13861.0
262,1713.0,29.38,13915.0
263,1719.0,29.48,13967.0
264,1719.0,29.48,14020.0
265,1696.0,29.09,14073.0
266,1719.0,29.48,14127.0
267,1713.0,29.38,14180.0
268,1713.0,29.38,14233.0
269,1713.0,29.38,14286.0
270,1689.0,28.97,14340.0
271,1712.0,29.36,14393.0
272,1713.0,29.38,14446.0
273,1689.0,28.97,14499.0
274,1713.0,29.38,14553.0
275,1718.0,29.46,14605.0
276,1695.0,29.07,14658.0
277,1695.0,29.07,14711.0
278,1689.0,28.97,14765.0
279,1712.0,29.36,14818.0
280,1691.0,29.0,14871.0
281,1713.0,29.38,14924.0
282,1689.0,28.97,14978.0
283,1713.0,29.38,15031.0
284,1712.0,29.36,15084.0
285,1713.0,29.38,15137.0
286,1718.0,29.46,15190.0
287,1697.0,29.1,15243.0
288,1719.0,29.48,15296.0
289,1713.0,29.38,15349.0
290,1712.0,29.36,15403.0
291,1691.0,29.0,15456.0
292,1713.0,29.38,15509.0
293,1713.0,29.38,15562.0
294,1712.0,29.36,15616.0
295,1713.0,29.38,15669.0
296,1713.0,29.38,15722.0
297,1713.0,29.38,15775.0
298,1719.0,29.48,15827.0
299,1719.0,29.48,15881.0
300,1719.0,29.48,15934.0
301,1697.0,29.1,15987.0
302,1691.0,29.0,16040.0
303,1691.0,29.0,16094.0
304,1713.0,29.38,16147.0
305,1691.0,29.0,16200.0
306,1713.0,29.38,16253.0
307,1713.0,29.38,16307.0
308,1713.0,29.38,16360.0
309,1698.0,29.12,16412.0
310,1719.0,29.48,16465.0
311,1697.0,29.1,16519.0
312,1691.0,29.0,16572.0
313,1713.0,29.38,16625.0
314,1713.0,29.38,16678.0
315,1691.0,29.0,16732.0
316,1713.0,29.38,16785.0
317,1713.0,29.38,16838.0
318,1713.0,29.38,16891.0
319,1713.0,29.38,16945.0
320,1719.0,29.48,16997.0
321,1719.0,29.48,17050.0
322,1719.0,29.48,17103.0
323,1697.0,29.1,17157.0
324,1713.0,29.38,17210.0
325,1689.0,28.97,17263.0
326,1691.0,29.0,17316.0
327,1713.0,29.38,17370.0
328,1713.0,29.38,17423.0
329,1691.0,29.0,17476.0
330,1691.0,29.0,17529.0
331,1697.0,29.1,17582.0
332,1697.0,29.1,17635.0
333,1719.0,29.48,17688.0
334,1691.0,29.0,17741.0
335,1713.0,29.38,17795.0
336,1713.0,29.38,17848.0
337,1689.0,28.97,17901.0
338,1689.0,28.97,17954.0
339,1712.0,29.36,18008.0
340,1712.0,29.36,18061.0
341,1712.0,29.36,18114.0
342,1697.0,29.1,18166.0
343,1696.0,29.09,18220.0
344,1697.0,29.1,18273.0
345,1713.0,29.38,18326.0
346,1689.0,28.97,18379.0
347,1713.0,29.38,18433.0
348,1691.0,29.0,18486.0
349,1691.0,29.0,18539.0
350,1713.0,29.38,18592.0
351,1691.0,29.0,18646.0
352,1719.0,29.48,18699.0
353,1697.0,29.1,18751.0
354,1697.0,29.1,18804.0
355,1718.0,29.46,18857.0
356,1691.0,29.0,18911.0
357,1691.0,29.0,18964.0
358,1691.0,29.0,19017.0
359,1712.0,29.36,19070.0
360,1691.0,29.0,19124.0
361,1713.0,29.38,19177.0
362,1691.0,29.0,19230.0
363,1698.0,29.12,19282.0
364,1697.0,29.1,19336.0
365,1697.0,29.1,19389.0
366,1691.0,29.0,19442.0
367,1691.0,29.0,19495.0
368,1691.0,29.0,19549.0
369,1691.0,29.0,19602.0
370,1691.0,29.0,19655.0
371,1713.0,29.38,19708.0
372,1697.0,29.1,19762.0
373,1719.0,29.48,19814.0
374,1698.0,29.12,19867.0
375,1697.0,29.1,19920.0
376,1691.0,29.0,19974.0
377,1713.0,29.38,20027.0
378,1692.0,29.02,20080.0
379,1713.0,29.38,20133.0
380,1713.0,29.38,20187.0
381,1692.0,29.02,20240.0
382,1692.0,29.02,20293.0
383,1698.0,29.12,20345.0
384,1719.0,29.48,20399.0
385,1697.0,29.1,20452.0
386,1698.0,29.12,20505.0
387,1692.0,29.02,20558.0
388,1692.0,29.02,20612.0
389,1691.0,29.0,20665.0
390,1713.0,29.38,20718.0
391,1692.0,29.02,20771.0
392,1691.0,29.0,20825.0
393,1697.0,29.1,20877.0
394,1697.0,29.1,20930.0
395,1697.0,29.1,20983.0
396,1693.0,29.03,21037.0
397,1691.0,29.0,21090.0
398,1692.0,29.02,21143.0
399,1692.0,29.02,21196.0
400,1691.0,29.0,21250.0
401,1692.0,29.02,21303.0
402,1691.0,29.0,21356.0
403,1698.0,29.12,21408.0
404,1719.0,29.48,21462.0
405,1719.0,29.48,21515.0
406,1698.0,29.12,21568.0
407,1691.0,29.0,21621.0
408,1691.0,29.0,21675.0
409,1692.0,29.02,21728.0
410,1713.0,29.38,21781.0
411,1691.0,29.0,21834.0
412,1692.0,29.02,21888.0
413,1719.0,29.48,21941.0
414,1698.0,29.12,21993.0
415,1698.0,29.12,22046.0
416,1697.0,29.1,22099.0
417,1691.0,29.0,22153.0
418,1691.0,29.0,22206.0
419,1691.0,29.0,22259.0
420,1691.0,29.0,22312.0
421,1691.0,29.0,22366.0
422,1691.0,29.0,22419.0
423,1719.0,29.48,22471.0
424,1697.0,29.1,22524.0
425,1698.0,29.12,22578.0
426,1691.0,29.0,22631.0
427,1691.0,29.0,22684.0
428,1691.0,29.0,22737.0
429,1691.0,29.0,22791.0
430,1713.0,29.38,22844.0
431,1692.0,29.02,22897.0
432,1691.0,29.0,22950.0
433,1698.0,29.12,23003.0
434,1697.0,29.1,23056.0
435,1697.0,29.1,23109.0
436,1713.0,29.38,23162.0
437,1691.0,29.0,23216.0
438,1691.0,29.0,23269.0
439,1691.0,29.0,23322.0
440,1713.0,29.38,23375.0
441,1713.0,29.38,23429.0
442,1713.0,29.38,23482.0
443,1692.0,29.02,23535.0
444,1719.0,29.48,23587.0
445,1719.0,29.48,23641.0
446,1696.0,29.09,23694.0
447,1691.0,29.0,23747.0
448,1713.0,29.38,23800.0
449,1713.0,29.38,23854.0
450,1692.0,29.02,23907.0
451,1713.0,29.38,23960.0
452,1692.0,29.02,24013.0
453,1691.0,29.0,24067.0
454,1720.0,29.5,24120.0
455,1719.0,29.48,24172.0
456,1719.0,29.48,24225.0
457,1698.0,29.12,24279.0
458,1714.0,29.4,24332.0
459,1692.0,29.02,24385.0
460,1713.0,29.38,24438.0
461,1691.0,29.0,24492.0
462,1713.0,29.38,24545.0
463,1692.0,29.02,24598.0
464,1692.0,29.02,24651.0
465,1697.0,29.1,24704.0
466,1698.0,29.12,24757.0
467,1719.0,29.48,24810.0
468,1720.0,29.5,24863.0
469,1691.0,29.0,24916.0
470,1691.0,29.0,24970.0
471,1691.0,29.0,25023.0
472,1692.0,29.02,25076.0
473,1713.0,29.38,25129.0
474,1713.0,29.38,25183.0
475,1692.0,29.02,25236.0
476,1697.0,29.1,25288.0
477,1719.0,29.48,25341.0
478,1719.0,29.48,25395.0
479,1719.0,29.48,25448.0
480,1713.0,29.38,25501.0
481,1690.0,28.98,25554.0
482,1713.0,29.38,25608.0
483,1691.0,29.0,25661.0
484,1691.0,29.0,25714.0
485,1691.0,29.0,25767.0
486,1712.0,29.36,25821.0
487,1697.0,29.1,25873.0
488,1698.0,29.12,25926.0
489,1719.0,29.48,25979.0
490,1713.0,29.38,26033.0
491,1713.0,29.38,26086.0
492,1713.0,29.38,26139.0
493,1713.0,29.38,26192.0
494,1713.0,29.38,26246.0
495,1713.0,29.38,26299.0
496,1713.0,29.38,26352.0
497,1691.0,29.0,26405.0
498,1697.0,29.1,26458.0
499,1697.0,29.1,26511.0
500,1719.0,29.48,26564.0
501,1719.0,29.48,26617.0
502,1713.0,29.38,26671.0
503,1691.0,29.0,26724.0
504,1713.0,29.38,26777.0
505,1691.0,29.0,26830.0
506,1692.0,29.02,26884.0
507,1690.0,28.98,26937.0
508,1692.0,29.02,26990.0
509,1719.0,29.48,27042.0
510,1719.0,29.48,27096.0
511,1697.0,29.1,27149.0
512,1692.0,29.02,27202.0
513,1691.0,29.0,27255.0
514,1691.0,29.0,27309.0
515,1691.0,29.0,27362.0
516,1691.0,29.0,27415.0
517,1692.0,29.02,27468.0
518,1713.0,29.38,27522.0
519,1698.0,29.12,27574.0
520,1719.0,29.48,27627.0
521,1719.0,29.48,27680.0
522,1691.0,29.0,27734.0
523,1713.0,29.38,27787.0
524,1713.0,29.38,27840.0
525,1712.0,29.36,27893.0
526,1713.0,29.38,27947.0
527,1691.0,29.0,28000.0
528,1713.0,29.38,28053.0
529,1713.0,29.38,28106.0
530,1715.0,29.41,28160.0
531,1719.0,29.48,28212.0
532,1719.0,29.48,28265.0
533,1719.0,29.48,28318.0
534,1713.0,29.38,28371.0
535,1713.0,29.38,28425.0
536,1713.0,29.38,28478.0
537,1690.0,28.98,28531.0
538,1691.0,29.0,28584.0
539,1691.0,29.0,28638.0
540,1691.0,29.0,28691.0
541,1692.0,29.02,28744.0
542,1719.0,29.48,28796.0
543,1697.0,29.1,28850.0
544,1696.0,29.09,28903.0
545,1689.0,28.97,28956.0
546,1691.0,29.0,29009.0
547,1713.0,29.38,29063.0
548,1713.0,29.38,29116.0
549,1690.0,28.98,29169.0
550,1713.0,29.38,29222.0
551,1691.0,29.0,29276.0
552,1698.0,29.12,29328.0
553,1697.0,29.1,29381.0
554,1719.0,29.48,29434.0
555,1719.0,29.48,29488.0
556,1713.0,29.38,29541.0
557,1713.0,29.38,29594.0
558,1714.0,29.4,29647.0
559,1713.0,29.38,29701.0
560,1690.0,28.98,29754.0
561,1713.0,29.38,29807.0
562,1713.0,29.38,29860.0
563,1713.0,29.38,29914.0
564,1719.0,29.48,29966.0
565,1719.0,29.48,30019.0
566,1698.0,29.12,30072.0
567,1697.0,29.1,30126.0
568,1691.0,29.0,30179.0
569,1691.0,29.0,30232.0
570,1713.0,29.38,30285.0
571,1692.0,29.02,30339.0
572,1690.0,28.98,30392.0
573,1691.0,29.0,30445.0
574,1697.0,29.1,30497.0
575,1698.0,29.12,30551.0
576,1697.0,29.1,30604.0
577,1693.0,29.03,30657.0
578,1691.0,29.0,30710.0
579,1691.0,29.0,30764.0
580,1713.0,29.38,30817.0
581,1692.0,29.02,30870.0
582,1691.0,29.0,30923.0
583,1712.0,29.36,30977.0
584,1720.0,29.5,31030.0
585,1697.0,29.1,31082.0
586,1719.0,29.48,31135.0
587,1697.0,29.1,31188.0
588,1691.0,29.0,31242.0
589,1691.0,29.0,31295.0
590,1691.0,29.0,31348.0
591,1713.0,29.38,31401.0
592,1691.0,29.0,31455.0
593,1713.0,29.38,31508.0
594,1690.0,28.98,31561.0
595,1719.0,29.48,31613.0
596,1698.0,29.12,31667.0
597,1719.0,29.48,31720.0
598,1717.0,29.45,31773.0
599,1713.0,29.38,31826.0
600,1691.0,29.0,31880.0
601,1691.0,29.0,31933.0
602,1691.0,29.0,31986.0
603,1691.0,29.0,32039.0
604,1692.0,29.02,32093.0
605,1697.0,29.1,32146.0
606,1719.0,29.48,32198.0
607,1698.0,29.12,32251.0
608,1719.0,29.48,32305.0
609,1713.0,29.38,32358.0
610,1691.0,29.0,32411.0
611,1713.0,29.38,32464.0
612,1713.0,29.38,32518.0
613,1713.0,29.38,32571.0
614,1691.0,29.0,32624.0
615,1692.0,29.02,32677.0
616,1698.0,29.12,32730.0
617,1698.0,29.12,32783.0
618,1719.0,29.48,32836.0
619,1698.0,29.12,32889.0
620,1713.0,29.38,32943.0
621,1713.0,29.38,32996.0
622,1692.0,29.02,33049.0
623,1713.0,29.38,33102.0
624,1691.0,29.0,33156.0
625,1713.0,29.38,33209.0
626,1691.0,29.0,33262.0
627,1717.0,29.45,33315.0
628,1697.0,29.1,33368.0
629,1697.0,29.1,33421.0
630,1697.0,29.1,33474.0
631,1691.0,29.0,33527.0
632,1691.0,29.0,33581.0
633,1691.0,29.0,33634.0
634,1692.0,29.02,33687.0
635,1691.0,29.0,33740.0
636,1713.0,29.38,33794.0
637,1698.0,29.12,33847.0
638,1698.0,29.12,33899.0
639,1696.0,29.09,33952.0
640,1719.0,29.48,34006.0
641,1692.0,29.02,34059.0
642,1691.0,29.0,34112.0
643,1713.0,29.38,34165.0
644,1713.0,29.38,34219.0
645,1713.0,29.38,34272.0
646,1691.0,29.0,34325.0
647,1713.0,29.38,34378.0
648,1719.0,29.48,34432.0
649,1720.0,29.5,34484.0
650,1719.0,29.48,34537.0
651,1719.0,29.48,34590.0
652,1713.0,29.38,34643.0
653,1713.0,29.38,34697.0
654,1713.0,29.38,34750.0
655,1713.0,29.38,34803.0
656,1691.0,29.0,34856.0
657,1713.0,29.38,34910.0
658,1691.0,29.0,34963.0
659,1691.0,29.0,35016.0
660,1697.0,29.1,35068.0
661,1697.0,29.1,35122.0
662,1697.0,29.1,35175.0
663,1713.0,29.38,35228.0
664,1691.0,29.0,35281.0
665,1691.0,29.0,35335.0
666,1690.0,28.98,35388.0
667,1690.0,28.98,35441.0
668,1691.0,29.0,35494.0
669,1712.0,29.36,35548.0
670,1719.0,29.48,35601.0
671,1719.0,29.48,35653.0
672,1718.0,29.46,35706.0
673,1719.0,29.48,35760.0
674,1690.0,28.98,35813.0
675,1713.0,29.38,35866.0
676,1689.0,28.97,35919.0
677,1713.0,29.38,35973.0
678,1689.0,28.97,36026.0
679,1713.0,29.38,36079.0
680,1713.0,29.38,36132.0
681,1689.0,28.97,36186.0
682,1695.0,29.07,36238.0
683,1695.0,29.07,36291.0
684,1697.0,29.1,36344.0
685,1689.0,28.97,36398.0
686,1713.0,29.38,36451.0
687,1713.0,29.38,36504.0
688,1689.0,28.97,36557.0
689,1713.0,29.38,36611.0
690,1689.0,28.97,36664.0
691,1713.0,29.38,36717.0
692,1718.0,29.46,36770.0
693,1719.0,29.48,36823.0
694,1719.0,29.48,36876.0
695,1695.0,29.07,36929.0
696,1689.0,28.97,36982.0
697,1689.0,28.97,37036.0
698,1690.0,28.98,37089.0
699,1712.0,29.36,37142.0
700,1712.0,29.36,37195.0
701,1689.0,28.97,37249.0
702,1712.0,29.36,37302.0
703,1719.0,29.48,37355.0
704,1719.0,29.48,37407.0
705,1719.0,29.48,37460.0
706,1719.0,29.48,37514.0
707,1713.0,29.38,37567.0
708,1712.0,29.36,37620.0
709,1689.0,28.97,37673.0
710,1689.0,28.97,37727.0
711,1713.0,29.38,37780.0
712,1689.0,28.97,37833.0
713,1713.0,29.38,37886.0
714,1713.0,29.38,37940.0
715,1719.0,29.48,37993.0
716,1718.0,29.46,38045.0
717,1695.0,29.07,38098.0
718,1695.0,29.07,38152.0
719,1713.0,29.38,38205.0
720,1713.0,29.38,38258.0
721,1712.0,29.36,38311.0
722,1713.0,29.38,38365.0
723,1713.0,29.38,38418.0
724,1712.0,29.36,38471.0
725,1713.0,29.38,38524.0
726,1692.0,29.02,38578.0
727,1697.0,29.1,38630.0
728,1719.0,29.48,38683.0
729,1698.0,29.12,38736.0
730,1713.0,29.38,38790.0
731,1713.0,29.38,38843.0
732,1691.0,29.0,38896.0
733,1713.0,29.38,38949.0
734,1713.0,29.38,39003.0
735,1714.0,29.4,39056.0
736,1692.0,29.02,39109.0
737,1691.0,29.0,39162.0
738,1719.0,29.48,39215.0
739,1697.0,29.1,39268.0
740,1719.0,29.48,39321.0
741,1719.0,29.48,39374.0
742,1690.0,28.98,39428.0
743,1713.0,29.38,39481.0
744,1713.0,29.38,39534.0
745,1713.0,29.38,39587.0
746,1713.0,29.38,39641.0
747,1691.0,29.0,39694.0
748,1713.0,29.38,39747.0
749,1697.0,29.1,39800.0
750,1695.0,29.07,39853.0
751,1719.0,29.48,39906.0
752,1698.0,29.12,39959.0
753,1713.0,29.38,40012.0
754,1713.0,29.38,40066.0
755,1691.0,29.0,40119.0
756,1713.0,29.38,40172.0
757,1713.0,29.38,40225.0
758,1713.0,29.38,40279.0
759,1713.0,29.38,40332.0
760,1713.0,29.38,40385.0
761,1719.0,29.48,40437.0
762,1719.0,29.48,40491.0
763,1719.0,29.48,40544.0
764,1719.0,29.48,40597.0
765,1713.0,29.38,40650.0
766,1689.0,28.97,40704.0
767,1713.0,29.38,40757.0
768,1713.0,29.38,40810.0
769,1713.0,29.38,40863.0
770,1712.0,29.36,40916.0
771,1713.0,29.38,40970.0
772,1691.0,29.0,41023.0
773,1719.0,29.48,41075.0
774,1720.0,29.5,41128.0
775,1698.0,29.12,41182.0
776,1719.0,29.48,41235.0
777,1713.0,29.38,41288.0
778,1713.0,29.38,41341.0
779,1713.0,29.38,41395.0
780,1713.0,29.38,41448.0
781,1713.0,29.38,41501.0
782,1691.0,29.0,41554.0
783,1713.0,29.38,41608.0
784,1691.0,29.0,41661.0
785,1720.0,29.5,41713.0
786,1719.0,29.48,41766.0
787,1719.0,29.48,41820.0
788,1698.0,29.12,41873.0
789,1713.0,29.38,41926.0
790,1691.0,29.0,41979.0
791,1691.0,29.0,42033.0
792,1713.0,29.38,42086.0
793,1691.0,29.0,42139.0
794,1713.0,29.38,42192.0
795,1713.0,29.38,42246.0
796,1697.0,29.1,42298.0
797,1697.0,29.1,42351.0
798,1719.0,29.48,42404.0
799,1713.0,29.38,42458.0
800,1713.0,29.38,42511.0
801,1691.0,29.0,42564.0
802,1714.0,29.4,42617.0
803,1713.0,29.38,42671.0
804,1713.0,29.38,42724.0
805,1713.0,29.38,42777.0
806,1713.0,29.38,42830.0
807,1713.0,29.38,42884.0
808,1696.0,29.09,42936.0
809,1720.0,29.5,42989.0
810,1719.0,29.48,43042.0
811,1713.0,29.38,43096.0
812,1713.0,29.38,43149.0
813,1690.0,28.98,43202.0
814,1713.0,29.38,43255.0
815,1713.0,29.38,43309.0
816,1713.0,29.38,43362.0
817,1691.0,29.0,43415.0
818,1691.0,29.0,43468.0
819,1719.0,29.48,43521.0
820,1719.0,29.48,43574.0
821,1719.0,29.48,43627.0
822,1697.0,29.1,43680.0
823,1713.0,29.38,43734.0
824,1713.0,29.38,43787.0
825,1713.0,29.38,43840.0
826,1713.0,29.38,43893.0
827,1713.0,29.38,43947.0
828,1691.0,29.0,44000.0
829,1713.0,29.38,44053.0
830,1713.0,29.38,44106.0
831,1698.0,29.12,44158.0
832,1719.0,29.48,44212.0
833,1719.0,29.48,44265.0
834,1719.0,29.48,44318.0
835,1713.0,29.38,44371.0
836,1691.0,29.0,44425.0
837,1691.0,29.0,44478.0
838,1713.0,29.38,44531.0
839,1713.0,29.38,44584.0
840,1714.0,29.4,44638.0
841,1691.0,29.0,44691.0
842,1697.0,29.1,44743.0
843,1719.0,29.48,44796.0
844,1719.0,29.48,44850.0
845,1719.0,29.48,44903.0
846,1713.0,29.38,44956.0
847,1713.0,29.38,45009.0
848,1713.0,29.38,45063.0
849,1713.0,29.38,45116.0
850,1712.0,29.36,45169.0
851,1713.0,29.38,45222.0
852,1713.0,29.38,45276.0
853,1713.0,29.38,45329.0
854,1696.0,29.09,45381.0
855,1697.0,29.1,45434.0
856,1697.0,29.1,45488.0
857,1692.0,29.02,45541.0
858,1713.0,29.38,45594.0
859,1692.0,29.02,45647.0
860,1691.0,29.0,45701.0
861,1713.0,29.38,45754.0
862,1713.0,29.38,45807.0
863,1713.0,29.38,45860.0
864,1691.0,29.0,45914.0
865,1697.0,29.1,45966.0
866,1698.0,29.12,46019.0
867,1697.0,29.1,46072.0
868,1714.0,29.4,46126.0
869,1713.0,29.38,46179.0
870,1691.0,29.0,46232.0
871,1689.0,28.97,46285.0
872,1713.0,29.38,46339.0
873,1713.0,29.38,46392.0
874,1713.0,29.38,46445.0
875,1713.0,29.38,46498.0
876,1719.0,29.48,46551.0
877,1697.0,29.1,46604.0
878,1719.0,29.48,46657.0
879,1696.0,29.09,46710.0
880,1713.0,29.38,46764.0
881,1713.0,29.38,46817.0
882,1713.0,29.38,46870.0
883,1713.0,29.38,46923.0
884,1689.0,28.97,46977.0
885,1690.0,28.98,47030.0
886,1713.0,29.38,47083.0
887,1719.0,29.48,47136.0
888,1697.0,29.1,47188.0
889,1697.0,29.1,47242.0
890,1697.0,29.1,47295.0
891,1691.0,29.0,47348.0
892,1691.0,29.0,47401.0
893,1713.0,29.38,47455.0
894,1691.0,29.0,47508.0
895,1692.0,29.02,47561.0
896,1691.0,29.0,47614.0
897,1719.0,29.48,47668.0
898,1698.0,29.12,47720.0
899,1697.0,29.1,47773.0
900,1720.0,29.5,47826.0
901,1712.0,29.36,47880.0
902,1713.0,29.38,47933.0
903,1713.0,29.38,47986.0
904,1713.0,29.38,48039.0
905,1713.0,29.38,48093.0
906,1713.0,29.38,48146.0
907,1713.0,29.38,48199.0
908,1713.0,29.38,48252.0
909,1713.0,29.38,48306.0
910,1719.0,29.48,48358.0
911,1719.0,29.48,48411.0
912,1719.0,29.48,48464.0
913,1719.0,29.48,48518.0
914,1713.0,29.38,48571.0
915,1713.0,29.38,48624.0
916,1691.0,29.0,48677.0
917,1691.0,29.0,48731.0
918,1691.0,29.0,48784.0
919,1712.0,29.36,48837.0
920,1691.0,29.0,48890.0
921,1719.0,29.48,48943.0
922,1719.0,29.48,48996.0
923,1719.0,29.48,49049.0
924,1697.0,29.1,49102.0
925,1712.0,29.36,49156.0
926,1712.0,29.36,49209.0
927,1713.0,29.38,49262.0
928,1691.0,29.0,49315.0
929,1691.0,29.0,49369.0
930,1691.0,29.0,49422.0
931,1691.0,29.0,49475.0
932,1719.0,29.48,49527.0
933,1695.0,29.07,49581.0
934,1718.0,29.46,49634.0
935,1689.0,28.97,49687.0
936,1713.0,29.38,49740.0
937,1712.0,29.36,49794.0
938,1712.0,29.36,49847.0
939,1713.0,29.38,49900.0
940,1712.0,29.36,49953.0
941,1712.0,29.36,50007.0
942,1713.0,29.38,50060.0
943,1691.0,29.0,50113.0
944,1718.0,29.46,50165.0
945,1719.0,29.48,50219.0
946,1718.0,29.46,50272.0
947,1719.0,29.48,50325.0
948,1689.0,28.97,50378.0
949,1713.0,29.38,50432.0
950,1714.0,29.4,50485.0
951,1713.0,29.38,50538.0
952,1713.0,29.38,50591.0
953,1713.0,29.38,50644.0
954,1713.0,29.38,50698.0
955,1712.0,29.36,50751.0
956,1719.0,29.48,50803.0
957,1695.0,29.07,50856.0
958,1719.0,29.48,50910.0
959,1719.0,29.48,50963.0
960,1713.0,29.38,51016.0
961,1713.0,29.38,51069.0
962,1713.0,29.38,51123.0
963,1712.0,29.36,51176.0
964,1713.0,29.38,51229.0
965,1713.0,29.38,51282.0
966,1713.0,29.38,51336.0
967,1713.0,29.38,51389.0
968,1719.0,29.48,51442.0
969,1719.0,29.48,51494.0
970,1719.0,29.48,51548.0
971,1719.0,29.48,51601.0
972,1713.0,29.38,51654.0
973,1712.0,29.36,51707.0
974,1713.0,29.38,51761.0
975,1689.0,28.97,51814.0
976,1713.0,29.38,51867.0
977,1713.0,29.38,51920.0
978,1689.0,28.97,51974.0
979,1713.0,29.38,52027.0
980,1718.0,29.46,52079.0
981,1719.0,29.48,52132.0
982,1696.0,29.09,52186.0
983,1696.0,29.09,52239.0
984,1712.0,29.36,52292.0
985,1689.0,28.97,52345.0
986,1689.0,28.97,52399.0
987,1713.0,29.38,52452.0
988,1712.0,29.36,52505.0
989,1713.0,29.38,52558.0
990,1713.0,29.38,52612.0
991,1716.0,29.43,52665.0
992,1695.0,29.07,52717.0
993,1719.0,29.48,52770.0
994,1719.0,29.48,52824.0
995,1690.0,28.98,52877.0
996,1690.0,28.98,52930.0
997,1689.0,28.97,52983.0
998,1690.0,28.98,53037.0
999,1689.0,28.97,53090.0
1000,1689.0,28.97,53143.0
1001,1713.0,29.38,53196.0
1002,1689.0,28.97,53250.0
1003,1695.0,29.07,53302.0
1004,1696.0,29.09,53355.0
1005,1696.0,29.09,53408.0
1006,1695.0,29.07,53462.0
1007,1696.0,29.09,53515.0
1008,1713.0,29.38,53568.0
1009,1690.0,28.98,53621.0
1010,1689.0,28.97,53675.0
1011,1690.0,28.98,53728.0
1012,1713.0,29.38,53781.0
1013,1689.0,28.97,53834.0
1014,1689.0,28.97,53888.0
1015,1712.0,29.36,53941.0
1016,1712.0,29.36,53994.0
1017,1713.0,29.38,54047.0
1018,1689.0,28.97,54100.0
1019,1712.0,29.36,54154.0
1020,1689.0,28.97,54207.0
1021,1713.0,29.38,54260.0
1022,1696.0,29.09,54312.0
1023,1719.0,29.48,54366.0
1024,1695.0,29.07,54419.0
1025,1719.0,29.48,54472.0
1026,1719.0,29.48,54525.0
1027,1718.0,29.46,54579.0
1028,1719.0,29.48,54632.0
1029,1713.0,29.38,54685.0
1030,1712.0,29.36,54738.0
1031,1713.0,29.38,54792.0
1032,1713.0,29.38,54845.0
1033,1714.0,29.4,54898.0
1034,1714.0,29.4,54951.0
1035,1714.0,29.4,55005.0
1036,1714.0,29.4,55058.0
1037,1714.0,29.4,55111.0
1038,1713.0,29.38,55164.0
1039,1713.0,29.38,55218.0
1040,1713.0,29.38,55271.0
1041,1713.0,29.38,55324.0
1042,1712.0,29.36,55377.0
1043,1714.0,29.4,55431.0
1044,1714.0,29.4,55484.0
1045,1714.0,29.4,55537.0
1046,1713.0,29.38,55590.0
1047,1689.0,28.97,55644.0
1048,1696.0,29.09,55697.0
1049,1720.0,29.5,55749.0
1050,1718.0,29.46,55802.0
1051,1719.0,29.48,55856.0
1052,1718.0,29.46,55909.0
1053,1695.0,29.07,55962.0
1054,1695.0,29.07,56015.0
1055,1689.0,28.97,56069.0
1056,1713.0,29.38,56122.0
1057,1713.0,29.38,56175.0
1058,1713.0,29.38,56228.0
1059,1712.0,29.36,56282.0
1060,1712.0,29.36,56335.0
1061,1713.0,29.38,56388.0
1062,1713.0,29.38,56441.0
1063,1712.0,29.36,56495.0
1064,1713.0,29.38,56548.0
1065,1713.0,29.38,56601.0
1066,1713.0,29.38,56654.0
1067,1713.0,29.38,56708.0
1068,1713.0,29.38,56761.0
1069,1713.0,29.38,56814.0
1070,1712.0,29.36,56867.0
1071,1712.0,29.36,56921.0
1072,1712.0,29.36,56974.0
1073,1719.0,29.48,57027.0
1074,1719.0,29.48,57079.0
1075,1719.0,29.48,57133.0
1076,1718.0,29.46,57186.0
1077,1696.0,29.09,57239.0
1078,1695.0,29.07,57292.0
1079,1719.0,29.48,57346.0
1080,1695.0,29.07,57399.0
1081,1689.0,28.97,57452.0
1082,1713.0,29.38,57505.0
1083,1688.0,28.95,57559.0
1084,1689.0,28.97,57612.0
1085,1712.0,29.36,57665.0
1086,1690.0,28.98,57718.0
1087,1712.0,29.36,57772.0
1088,1712.0,29.36,57825.0
1089,1713.0,29.38,57878.0
1090,1712.0,29.36,57931.0
1091,1691.0,29.0,57985.0
1092,1712.0,29.36,58038.0
1093,1713.0,29.38,58091.0
1094,1691.0,29.0,58144.0
1095,1718.0,29.46,58196.0
1096,1718.0,29.46,58250.0
1097,1719.0,29.48,58303.0
1098,1719.0,29.48,58356.0
1099,1697.0,29.1,58409.0
1100,1719.0,29.48,58463.0
1101,1697.0,29.1,58516.0
1102,1712.0,29.36,58569.0
1103,1713.0,29.38,58622.0
1104,1713.0,29.38,58676.0
1105,1713.0,29.38,58729.0
1106,1713.0,29.38,58782.0
1107,1713.0,29.38,58835.0
1108,1691.0,29.0,58889.0
1109,1713.0,29.38,58942.0
1110,1713.0,29.38,58995.0
1111,1714.0,29.4,59048.0
1112,1713.0,29.38,59102.0
1113,1714.0,29.4,59155.0
1114,1714.0,29.4,59208.0
1115,1714.0,29.4,59261.0
1116,1713.0,29.38,59315.0
1117,1712.0,29.36,59368.0
1118,1713.0,29.38,59421.0
1119,1713.0,29.38,59474.0
1120,1713.0,29.38,59528.0
1121,1719.0,29.48,59581.0
1122,1719.0,29.48,59633.0
1123,1719.0,29.48,59686.0
1124,1719.0,29.48,59740.0
1125,1695.0,29.07,59793.0
1126,1719.0,29.48,59846.0
1127,1719.0,29.48,59899.0
1128,1719.0,29.48,59953.0
1129,1690.0,28.98,60006.0
1130,1713.0,29.38,60059.0
1131,1713.0,29.38,60112.0
1132,1690.0,28.98,60166.0
1133,1713.0,29.38,60219.0
1134,1713.0,29.38,60272.0
1135,1713.0,29.38,60325.0
1136,1713.0,29.38,60379.0
1137,1689.0,28.97,60432.0
1138,1713.0,29.38,60485.0
1139,1713.0,29.38,60538.0
1140,1713.0,29.38,60592.0
1141,1712.0,29.36,60645.0
1142,1713.0,29.38,60698.0
1143,1713.0,29.38,60751.0
1144,1713.0,29.38,60805.0
1145,1713.0,29.38,60858.0
1146,1719.0,29.48,60911.0
1147,1719.0,29.48,60963.0
1148,1719.0,29.48,61017.0
1149,1720.0,29.5,61070.0
1150,1718.0,29.46,61123.0
1151,1718.0,29.46,61176.0
1152,1719.0,29.48,61230.0
1153,1719.0,29.48,61283.0
1154,1718.0,29.46,61336.0
1155,1713.0,29.38,61389.0
1156,1713.0,29.38,61443.0
1157,1712.0,29.36,61496.0
1158,1713.0,29.38,61549.0
1159,1713.0,29.38,61602.0
1160,1711.0,29.34,61656.0
1161,1713.0,29.38,61709.0
1162,1714.0,29.4,61762.0
1163,1714.0,29.4,61815.0
1164,1713.0,29.38,61869.0
1165,1714.0,29.4,61922.0
1166,1712.0,29.36,61975.0
1167,1713.0,29.38,62028.0
1168,1714.0,29.4,62082.0
1169,1711.0,29.34,62135.0
1170,1713.0,29.38,62188.0
1171,1711.0,29.34,62241.0
1172,1713.0,29.38,62295.0
1173,1713.0,29.38,62348.0
1174,1719.0,29.48,62401.0
1175,1719.0,29.48,62453.0
1176,1718.0,29.46,62507.0
1177,1719.0,29.48,62560.0
1178,1719.0,29.48,62613.0
1179,1718.0,29.46,62666.0
1180,1718.0,29.46,62720.0
1181,1718.0,29.46,62773.0
1182,1719.0,29.48,62826.0
1183,1713.0,29.38,62879.0
1184,1712.0,29.36,62932.0
1185,1713.0,29.38,62986.0
1186,1713.0,29.38,63039.0
1187,1690.0,28.98,63092.0
1188,1690.0,28.98,63145.0
1189,1712.0,29.36,63199.0
1190,1713.0,29.38,63252.0
1191,1712.0,29.36,63305.0
1192,1689.0,28.97,63358.0
1193,1713.0,29.38,63412.0
1194,1689.0,28.97,63465.0
1195,1689.0,28.97,63518.0
1196,1713.0,29.38,63571.0
1197,1689.0,28.97,63625.0
1198,1713.0,29.38,63678.0
1199,1719.0,29.48,63730.0
1200,1695.0,29.07,63783.0
1201,1719.0,29.48,63837.0
1202,1719.0,29.48,63890.0
1203,1695.0,29.07,63943.0
1204,1718.0,29.46,63996.0
1205,1719.0,29.48,64050.0
1206,1713.0,29.38,64103.0
1207,1712.0,29.36,64156.0
1208,1712.0,29.36,64209.0
1209,1689.0,28.97,64263.0
1210,1713.0,29.38,64316.0
1211,1689.0,28.97,64369.0
1212,1713.0,29.38,64422.0
1213,1713.0,29.38,64476.0
1214,1690.0,28.98,64529.0
1215,1713.0,29.38,64582.0
1216,1713.0,29.38,64635.0
1217,1712.0,29.36,64689.0
1218,1713.0,29.38,64742.0
1219,1689.0,28.97,64795.0
1220,1713.0,29.38,64848.0
1221,1692.0,29.02,64902.0
1222,1695.0,29.07,64954.0
1223,1719.0,29.48,65007.0
1224,1696.0,29.09,65060.0
1225,1718.0,29.46,65114.0
1226,1696.0,29.09,65167.0
1227,1718.0,29.46,65220.0
1228,1690.0,28.98,65273.0
1229,1690.0,28.98,65327.0
1230,1690.0,28.98,65380.0
1231,1712.0,29.36,65433.0
1232,1712.0,29.36,65486.0
1233,1713.0,29.38,65540.0
1234,1689.0,28.97,65593.0
1235,1713.0,29.38,65646.0
1236,1713.0,29.38,65699.0
1237,1713.0,29.38,65753.0
1238,1713.0,29.38,65806.0
1239,1690.0,28.98,65859.0
1240,1713.0,29.38,65912.0
1241,1713.0,29.38,65966.0
1242,1713.0,29.38,66019.0
1243,1719.0,29.48,66072.0
1244,1719.0,29.48,66124.0
1245,1719.0,29.48,66178.0
1246,1718.0,29.46,66231.0
1247,1697.0,29.1,66284.0
1248,1719.0,29.48,66337.0
1249,1696.0,29.09,66391.0
1250,1719.0,29.48,66444.0
1251,1712.0,29.36,66497.0
1252,1712.0,29.36,66550.0
1253,1713.0,29.38,66604.0
1254,1713.0,29.38,66657.0
1255,1691.0,29.0,66710.0
1256,1713.0,29.38,66763.0
1257,1713.0,29.38,66817.0
1258,1691.0,29.0,66870.0
1259,1712.0,29.36,66923.0
1260,1713.0,29.38,66976.0
1261,1713.0,29.38,67030.0
1262,1690.0,28.98,67083.0
1263,1713.0,29.38,67136.0
1264,1713.0,29.38,67189.0
1265,1713.0,29.38,67243.0
1266,1713.0,29.38,67296.0
1267,1713.0,29.38,67349.0
1268,1719.0,29.48,67401.0
1269,1719.0,29.48,67454.0
1270,1719.0,29.48,67508.0
1271,1720.0,29.5,67561.0
1272,1719.0,29.48,67614.0
1273,1697.0,29.1,67667.0
1274,1719.0,29.48,67721.0
1275,1719.0,29.48,67774.0
1276,1713.0,29.38,67827.0
1277,1713.0,29.38,67880.0
1278,1691.0,29.0,67934.0
1279,1713.0,29.38,67987.0
1280,1714.0,29.4,68040.0
1281,1713.0,29.38,68093.0
1282,1713.0,29.38,68147.0
1283,1713.0,29.38,68200.0
1284,1690.0,28.98,68253.0
1285,1713.0,29.38,68306.0
1286,1713.0,29.38,68360.0
1287,1713.0,29.38,68413.0
1288,1691.0,29.0,68466.0
1289,1714.0,29.4,68519.0
1290,1692.0,29.02,68573.0
1291,1713.0,29.38,68626.0
1292,1719.0,29.48,68679.0
1293,1719.0,29.48,68731.0
1294,1719.0,29.48,68785.0
1295,1718.0,29.46,68838.0
1296,1698.0,29.12,68891.0
1297,1697.0,29.1,68944.0
1298,1720.0,29.5,68998.0
1299,1713.0,29.38,69051.0
1300,1713.0,29.38,69104.0
1301,1713.0,29.38,69157.0
1302,1692.0,29.02,69211.0
1303,1712.0,29.36,69264.0
1304,1714.0,29.4,69317.0
1305,1713.0,29.38,69370.0
1306,1714.0,29.4,69424.0
1307,1713.0,29.38,69477.0
1308,1713.0,29.38,69530.0
1309,1713.0,29.38,69583.0
1310,1713.0,29.38,69637.0
1311,1691.0,29.0,69690.0
1312,1713.0,29.38,69743.0
1313,1690.0,28.98,69796.0
1314,1713.0,29.38,69850.0
1315,1690.0,28.98,69903.0
1316,1719.0,29.48,69956.0
1317,1697.0,29.1,70008.0
1318,1719.0,29.48,70062.0
1319,1697.0,29.1,70115.0
1320,1696.0,29.09,70168.0
1321,1719.0,29.48,70221.0
1322,1719.0,29.48,70275.0
1323,1692.0,29.02,70328.0
1324,1714.0,29.4,70381.0
1325,1713.0,29.38,70434.0
1326,1713.0,29.38,70488.0
1327,1714.0,29.4,70541.0
1328,1692.0,29.02,70594.0
1329,1713.0,29.38,70647.0
1330,1713.0,29.38,70701.0
1331,1691.0,29.0,70754.0
1332,1713.0,29.38,70807.0
1333,1713.0,29.38,70860.0
1334,1714.0,29.4,70914.0
1335,1713.0,29.38,70967.0
1336,1713.0,29.38,71020.0
1337,1713.0,29.38,71073.0
1338,1713.0,29.38,71127.0
1339,1691.0,29.0,71180.0
1340,1720.0,29.5,71232.0
1341,1720.0,29.5,71285.0
1342,1719.0,29.48,71339.0
1343,1696.0,29.09,71392.0
1344,1719.0,29.48,71445.0
1345,1719.0,29.48,71498.0
1346,1719.0,29.48,71552.0
1347,1719.0,29.48,71605.0
1348,1713.0,29.38,71658.0
1349,1713.0,29.38,71711.0
1350,1714.0,29.4,71764.0
1351,1714.0,29.4,71818.0
1352,1691.0,29.0,71871.0
1353,1690.0,28.98,71924.0
1354,1713.0,29.38,71977.0
1355,1713.0,29.38,72031.0
1356,1692.0,29.02,72084.0
1357,1691.0,29.0,72137.0
1358,1690.0,28.98,72190.0
1359,1713.0,29.38,72244.0
1360,1689.0,28.97,72297.0
1361,1713.0,29.38,72350.0
1362,1697.0,29.1,72403.0
1363,1696.0,29.09,72456.0
1364,1719.0,29.48,72509.0
1365,1695.0,29.07,72562.0
1366,1719.0,29.48,72615.0
1367,1720.0,29.5,72669.0
1368,1696.0,29.09,72722.0
1369,1690.0,28.98,72775.0
1370,1690.0,28.98,72828.0
1371,1692.0,29.02,72882.0
1372,1692.0,29.02,72935.0
1373,1713.0,29.38,72988.0
1374,1713.0,29.38,73041.0
1375,1692.0,29.02,73095.0
1376,1713.0,29.38,73148.0
1377,1690.0,28.98,73201.0
1378,1713.0,29.38,73254.0
1379,1714.0,29.4,73308.0
1380,1692.0,29.02,73361.0
1381,1692.0,29.02,73414.0
1382,1719.0,29.48,73467.0
1383,1719.0,29.48,73520.0
1384,1696.0,29.09,73573.0
1385,1719.0,29.48,73626.0
1386,1719.0,29.48,73679.0
1387,1698.0,29.12,73733.0
1388,1698.0,29.12,73786.0
1389,1692.0,29.02,73839.0
1390,1690.0,28.98,73892.0
1391,1692.0,29.02,73946.0
1392,1713.0,29.38,73999.0
1393,1713.0,29.38,74052.0
1394,1713.0,29.38,74105.0
1395,1713.0,29.38,74159.0
1396,1713.0,29.38,74212.0
1397,1713.0,29.38,74265.0
1398,1713.0,29.38,74318.0
1399,1689.0,28.97,74372.0
1400,1713.0,29.38,74425.0
1401,1712.0,29.36,74478.0
1402,1712.0,29.36,74531.0
1403,1713.0,29.38,74585.0
1404,1712.0,29.36,74638.0
1405,1719.0,29.48,74691.0
1406,1697.0,29.1,74743.0
1407,1695.0,29.07,74797.0
1408,1719.0,29.48,74850.0
1409,1696.0,29.09,74903.0
1410,1719.0,29.48,74956.0
1411,1719.0,29.48,75010.0
1412,1712.0,29.36,75063.0
1413,1713.0,29.38,75116.0
1414,1713.0,29.38,75169.0
1415,1689.0,28.97,75223.0
1416,1690.0,28.98,75276.0
1417,1689.0,28.97,75329.0
1418,1713.0,29.38,75382.0
1419,1713.0,29.38,75436.0
1420,1713.0,29.38,75489.0
1421,1691.0,29.0,75542.0
1422,1691.0,29.0,75595.0
1423,1713.0,29.38,75649.0
1424,1689.0,28.97,75702.0
1425,1713.0,29.38,75755.0
1426,1713.0,29.38,75808.0
1427,1698.0,29.12,75862.0
1428,1719.0,29.48,75914.0
1429,1719.0,29.48,75967.0
1430,1720.0,29.5,76020.0
1431,1719.0,29.48,76073.0
1432,1719.0,29.48,76127.0
1433,1719.0,29.48,76180.0
1434,1720.0,29.5,76233.0
1435,1719.0,29.48,76286.0
1436,1713.0,29.38,76340.0
1437,1689.0,28.97,76393.0
1438,1690.0,28.98,76446.0
1439,1713.0,29.38,76499.0
1440,1712.0,29.36,76553.0
1441,1713.0,29.38,76606.0
1442,1713.0,29.38,76659.0
1443,1713.0,29.38,76712.0
1444,1712.0,29.36,76766.0
1445,1691.0,29.0,76819.0
1446,1712.0,29.36,76872.0
1447,1714.0,29.4,76925.0
1448,1713.0,29.38,76979.0
1449,1691.0,29.0,77032.0
1450,1689.0,28.97,77085.0
1451,1713.0,29.38,77138.0
1452,1697.0,29.1,77191.0
1453,1719.0,29.48,77244.0
1454,1719.0,29.48,77297.0
1455,1719.0,29.48,77350.0
1456,1719.0,29.48,77404.0
1457,1718.0,29.46,77457.0
1458,1719.0,29.48,77510.0
1459,1719.0,29.48,77563.0
1460,1691.0,29.0,77617.0
1461,1691.0,29.0,77670.0
1462,1692.0,29.02,77723.0
1463,1691.0,29.0,77776.0
1464,1713.0,29.38,77830.0
1465,1713.0,29.38,77883.0
1466,1690.0,28.98,77936.0
1467,1691.0,29.0,77989.0
1468,1713.0,29.38,78043.0
1469,1689.0,28.97,78096.0
1470,1713.0,29.38,78149.0
1471,1713.0,29.38,78202.0
1472,1713.0,29.38,78256.0
1473,1713.0,29.38,78309.0
1474,1719.0,29.48,78361.0
1475,1719.0,29.48,78414.0
1476,1697.0,29.1,78468.0
1477,1719.0,29.48,78521.0
1478,1719.0,29.48,78574.0
1479,1719.0,29.48,78627.0
1480,1720.0,29.5,78681.0
1481,1719.0,29.48,78734.0
1482,1713.0,29.38,78787.0
1483,1713.0,29.38,78840.0
1484,1713.0,29.38,78894.0
1485,1713.0,29.38,78947.0
1486,1713.0,29.38,79000.0
1487,1713.0,29.38,79053.0
1488,1712.0,29.36,79107.0
1489,1713.0,29.38,79160.0
1490,1712.0,29.36,79213.0
1491,1713.0,29.38,79266.0
1492,1713.0,29.38,79320.0
1493,1713.0,29.38,79373.0
1494,1713.0,29.38,79426.0
1495,1691.0,29.0,79479.0
1496,1712.0,29.36,79533.0
1497,1712.0,29.36,79586.0
1498,1691.0,29.0,79639.0
1499,1713.0,29.38,79692.0
1500,1697.0,29.1,79745.0
1501,1697.0,29.1,79798.0
1502,1697.0,29.1,79851.0
1503,1719.0,29.48,79904.0
1504,1719.0,29.48,79958.0
1505,1718.0,29.46,80011.0
1506,1719.0,29.48,80064.0
1507,1712.0,29.36,80117.0
1508,1712.0,29.36,80171.0
1509,1713.0,29.38,80224.0
1510,1712.0,29.36,80277.0
1511,1713.0,29.38,80330.0
1512,1713.0,29.38,80384.0
1513,1713.0,29.38,80437.0
1514,1714.0,29.4,80490.0
1515,1692.0,29.02,80543.0
1516,1713.0,29.38,80596.0
1517,1692.0,29.02,80650.0
1518,1691.0,29.0,80703.0
1519,1713.0,29.38,80756.0
1520,1691.0,29.0,80809.0
1521,1691.0,29.0,80863.0
1522,1713.0,29.38,80916.0
1523,1698.0,29.12,80968.0
1524,1719.0,29.48,81021.0
1525,1697.0,29.1,81075.0
1526,1719.0,29.48,81128.0
1527,1698.0,29.12,81181.0
1528,1719.0,29.48,81234.0
1529,1719.0,29.48,81288.0
1530,1713.0,29.38,81341.0
1531,1713.0,29.38,81394.0
1532,1692.0,29.02,81447.0
1533,1690.0,28.98,81501.0
1534,1690.0,28.98,81554.0
1535,1713.0,29.38,81607.0
1536,1713.0,29.38,81660.0
1537,1713.0,29.38,81714.0
1538,1712.0,29.36,81767.0
1539,1713.0,29.38,81820.0
1540,1713.0,29.38,81873.0
1541,1691.0,29.0,81927.0
1542,1691.0,29.0,81980.0
1543,1713.0,29.38,82033.0
1544,1713.0,29.38,82086.0
1545,1697.0,29.1,82140.0
1546,1719.0,29.48,82192.0
1547,1718.0,29.46,82245.0
1548,1718.0,29.46,82298.0
1549,1719.0,29.48,82352.0
1550,1719.0,29.48,82405.0
1551,1696.0,29.09,82458.0
1552,1720.0,29.5,82511.0
1553,1689.0,28.97,82565.0
1554,1713.0,29.38,82618.0
1555,1713.0,29.38,82671.0
1556,1713.0,29.38,82724.0
1557,1713.0,29.38,82778.0
1558,1713.0,29.38,82831.0
1559,1713.0,29.38,82884.0
1560,1713.0,29.38,82937.0
1561,1713.0,29.38,82991.0
1562,1691.0,29.0,83044.0
1563,1691.0,29.0,83097.0
1564,1713.0,29.38,83150.0
1565,1712.0,29.36,83204.0
1566,1713.0,29.38,83257.0
1567,1713.0,29.38,83310.0
1568,1713.0,29.38,83363.0
1569,1713.0,29.38,83417.0
1570,1697.0,29.1,83469.0
1571,1697.0,29.1,83522.0
1572,1698.0,29.12,83575.0
1573,1719.0,29.48,83629.0
1574,1698.0,29.12,83682.0
1575,1696.0,29.09,83735.0
1576,1713.0,29.38,83788.0
1577,1713.0,29.38,83842.0
1578,1713.0,29.38,83895.0
1579,1713.0,29.38,83948.0
1580,1713.0,29.38,84001.0
1581,1713.0,29.38,84055.0
1582,1691.0,29.0,84108.0
1583,1713.0,29.38,84161.0
1584,1713.0,29.38,84214.0
1585,1713.0,29.38,84268.0
1586,1713.0,29.38,84321.0
1587,1713.0,29.38,84374.0
1588,1691.0,29.0,84427.0
1589,1713.0,29.38,84481.0
1590,1692.0,29.02,84534.0
1591,1714.0,29.4,84587.0
1592,1714.0,29.4,84640.0
1593,1720.0,29.5,84694.0
1594,1719.0,29.48,84746.0
1595,1698.0,29.12,84799.0
1596,1697.0,29.1,84852.0
1597,1719.0,29.48,84905.0
1598,1697.0,29.1,84959.0
1599,1698.0,29.12,85012.0
1600,1713.0,29.38,85065.0
1601,1713.0,29.38,85118.0
1602,1713.0,29.38,85172.0
1603,1692.0,29.02,85225.0
1604,1714.0,29.4,85278.0
1605,1691.0,29.0,85331.0
1606,1713.0,29.38,85385.0
1607,1713.0,29.38,85438.0
1608,1713.0,29.38,85491.0
1609,1692.0,29.02,85544.0
1610,1691.0,29.0,85598.0
1611,1714.0,29.4,85651.0
1612,1713.0,29.38,85704.0
1613,1714.0,29.4,85757.0
1614,1714.0,29.4,85811.0
1615,1714.0,29.4,85864.0
1616,1720.0,29.5,85917.0
1617,1719.0,29.48,85969.0
1618,1698.0,29.12,86023.0
1619,1698.0,29.12,86076.0
1620,1720.0,29.5,86129.0
1621,1697.0,29.1,86182.0
1622,1719.0,29.48,86236.0
1623,1713.0,29.38,86289.0
1624,1713.0,29.38,86342.0
1625,1712.0,29.36,86395.0
1626,1714.0,29.4,86449.0
1627,1713.0,29.38,86502.0
1628,1714.0,29.4,86555.0
1629,1714.0,29.4,86608.0
1630,1714.0,29.4,86662.0
1631,1714.0,29.4,86715.0
1632,1712.0,29.36,86768.0
1633,1692.0,29.02,86821.0
1634,1714.0,29.4,86875.0
1635,1691.0,29.0,86928.0
1636,1713.0,29.38,86981.0
1637,1713.0,29.38,87034.0
1638,1713.0,29.38,87088.0
1639,1690.0,28.98,87141.0
1640,1713.0,29.38,87194.0
1641,1719.0,29.48,87247.0
1642,1720.0,29.5,87300.0
1643,1695.0,29.07,87353.0
1644,1719.0,29.48,87406.0
1645,1719.0,29.48,87459.0
1646,1695.0,29.07,87513.0
1647,1696.0,29.09,87566.0
1648,1713.0,29.38,87619.0
1649,1713.0,29.38,87672.0
1650,1713.0,29.38,87726.0
1651,1713.0,29.38,87779.0
1652,1713.0,29.38,87832.0
1653,1713.0,29.38,87885.0
1654,1713.0,29.38,87939.0
1655,1713.0,29.38,87992.0
1656,1713.0,29.38,88045.0
1657,1713.0,29.38,88098.0
1658,1713.0,29.38,88152.0
1659,1713.0,29.38,88205.0
1660,1691.0,29.0,88258.0
1661,1713.0,29.38,88311.0
1662,1692.0,29.02,88365.0
1663,1713.0,29.38,88418.0
1664,1697.0,29.1,88471.0
1665,1719.0,29.48,88523.0
1666,1698.0,29.12,88577.0
1667,1697.0,29.1,88630.0
1668,1719.0,29.48,88683.0
1669,1719.0,29.48,88736.0
1670,1719.0,29.48,88790.0
1671,1720.0,29.5,88843.0
1672,1713.0,29.38,88896.0
1673,1691.0,29.0,88949.0
1674,1712.0,29.36,89003.0
1675,1691.0,29.0,89056.0
1676,1713.0,29.38,89109.0
1677,1692.0,29.02,89162.0
1678,1713.0,29.38,89216.0
1679,1691.0,29.0,89269.0
1680,1691.0,29.0,89322.0
1681,1714.0,29.4,89375.0
1682,1713.0,29.38,89428.0
1683,1713.0,29.38,89482.0
1684,1713.0,29.38,89535.0
1685,1714.0,29.4,89588.0
1686,1690.0,28.98,89641.0
1687,1696.0,29.09,89694.0
1688,1719.0,29.48,89747.0
1689,1719.0,29.48,89800.0
1690,1719.0,29.48,89853.0
1691,1719.0,29.48,89907.0
1692,1719.0,29.48,89960.0
1693,1718.0,29.46,90013.0
1694,1712.0,29.36,90066.0
1695,1713.0,29.38,90120.0
1696,1712.0,29.36,90173.0
1697,1713.0,29.38,90226.0
1698,1713.0,29.38,90279.0
1699,1712.0,29.36,90333.0
1700,1713.0,29.38,90386.0
1701,1713.0,29.38,90439.0
1702,1712.0,29.36,90492.0
1703,1712.0,29.36,90546.0
1704,1712.0,29.36,90599.0
1705,1713.0,29.38,90652.0
1706,1714.0,29.4,90705.0
1707,1713.0,29.38,90759.0
1708,1713.0,29.38,90812.0
1709,1713.0,29.38,90865.0
1710,1713.0,29.38,90918.0
1711,1713.0,29.38,90972.0
1712,1691.0,29.0,91025.0
1713,1697.0,29.1,91077.0
1714,1719.0,29.48,91130.0
1715,1697.0,29.1,91184.0
1716,1720.0,29.5,91237.0
1717,1719.0,29.48,91290.0
1718,1719.0,29.48,91343.0
1719,1697.0,29.1,91397.0
1720,1714.0,29.4,91450.0
1721,1713.0,29.38,91503.0
1722,1690.0,28.98,91556.0
1723,1713.0,29.38,91610.0
1724,1713.0,29.38,91663.0
1725,1713.0,29.38,91716.0
1726,1713.0,29.38,91769.0
1727,1713.0,29.38,91823.0
1728,1713.0,29.38,91876.0
1729,1714.0,29.4,91929.0
1730,1714.0,29.4,91982.0
1731,1713.0,29.38,92036.0
1732,1713.0,29.38,92089.0
1733,1691.0,29.0,92142.0
1734,1691.0,29.0,92195.0
1735,1691.0,29.0,92249.0
1736,1713.0,29.38,92302.0
1737,1719.0,29.48,92354.0
1738,1697.0,29.1,92407.0
1739,1697.0,29.1,92461.0
1740,1719.0,29.48,92514.0
1741,1719.0,29.48,92567.0
1742,1719.0,29.48,92620.0
1743,1719.0,29.48,92674.0
1744,1713.0,29.38,92727.0
1745,1713.0,29.38,92780.0
1746,1713.0,29.38,92833.0
1747,1713.0,29.38,92887.0
1748,1713.0,29.38,92940.0
1749,1713.0,29.38,92993.0
1750,1712.0,29.36,93046.0
1751,1713.0,29.38,93100.0
1752,1713.0,29.38,93153.0
1753,1713.0,29.38,93206.0
1754,1713.0,29.38,93259.0
1755,1713.0,29.38,93313.0
1756,1713.0,29.38,93366.0
1757,1713.0,29.38,93419.0
1758,1712.0,29.36,93472.0
1759,1714.0,29.4,93526.0
1760,1714.0,29.4,93579.0
1761,1714.0,29.4,93632.0
1762,1713.0,29.38,93685.0
1763,1720.0,29.5,93739.0
1764,1719.0,29.48,93791.0
1765,1719.0,29.48,93844.0
1766,1719.0,29.48,93897.0
1767,1719.0,29.48,93950.0
1768,1698.0,29.12,94004.0
1769,1697.0,29.1,94057.0
1770,1719.0,29.48,94110.0
1771,1713.0,29.38,94163.0
1772,1691.0,29.0,94217.0
1773,1691.0,29.0,94270.0
1774,1692.0,29.02,94323.0
1775,1713.0,29.38,94376.0
1776,1691.0,29.0,94430.0
1777,1691.0,29.0,94483.0
1778,1713.0,29.38,94536.0
1779,1691.0,29.0,94589.0
1780,1713.0,29.38,94643.0
1781,1692.0,29.02,94696.0
1782,1692.0,29.02,94749.0
1783,1713.0,29.38,94802.0
1784,1713.0,29.38,94856.0
1785,1698.0,29.12,94908.0
1786,1719.0,29.48,94961.0
1787,1719.0,29.48,95014.0
1788,1720.0,29.5,95068.0
1789,1698.0,29.12,95121.0
1790,1698.0,29.12,95174.0
1791,1719.0,29.48,95227.0
1792,1714.0,29.4,95281.0
1793,1713.0,29.38,95334.0
1794,1713.0,29.38,95387.0
1795,1713.0,29.38,95440.0
1796,1713.0,29.38,95494.0
1797,1713.0,29.38,95547.0
1798,1690.0,28.98,95600.0
1799,1713.0,29.38,95653.0
1800,1713.0,29.38,95707.0
1801,1714.0,29.4,95760.0
1802,1713.0,29.38,95813.0
1803,1713.0,29.38,95866.0
1804,1713.0,29.38,95920.0
1805,1690.0,28.98,95973.0
1806,1690.0,28.98,96026.0
1807,1690.0,28.98,96079.0
1808,1713.0,29.38,96133.0
1809,1719.0,29.48,96185.0
1810,1720.0,29.5,96238.0
1811,1719.0,29.48,96291.0
1812,1719.0,29.48,96345.0
1813,1719.0,29.48,96398.0
1814,1719.0,29.48,96451.0
1815,1720.0,29.5,96504.0
1816,1719.0,29.48,96558.0
1817,1713.0,29.38,96611.0
1818,1713.0,29.38,96664.0
1819,1713.0,29.38,96717.0
1820,1713.0,29.38,96771.0
1821,1713.0,29.38,96824.0
1822,1713.0,29.38,96877.0
1823,1714.0,29.4,96930.0
1824,1713.0,29.38,96984.0
1825,1713.0,29.38,97037.0
1826,1714.0,29.4,97090.0
1827,1713.0,29.38,97143.0
1828,1692.0,29.02,97197.0
1829,1713.0,29.38,97250.0
1830,1712.0,29.36,97303.0
1831,1714.0,29.4,97356.0
1832,1714.0,29.4,97410.0
1833,1713.0,29.38,97463.0
1834,1713.0,29.38,97516.0
1835,1714.0,29.4,97569.0
1836,1716.0,29.43,97623.0
1837,1719.0,29.48,97675.0
1838,1719.0,29.48,97728.0
1839,1697.0,29.1,97781.0
1840,1718.0,29.46,97835.0
1841,1697.0,29.1,97888.0
1842,1697.0,29.1,97941.0
1843,1713.0,29.38,97994.0
1844,1713.0,29.38,98048.0
1845,1691.0,29.0,98101.0
1846,1713.0,29.38,98154.0
1847,1713.0,29.38,98207.0
1848,1713.0,29.38,98260.0
1849,1714.0,29.4,98314.0
1850,1713.0,29.38,98367.0
1851,1714.0,29.4,98420.0
1852,1713.0,29.38,98473.0
1853,1713.0,29.38,98527.0
1854,1714.0,29.4,98580.0
1855,1714.0,29.4,98633.0
1856,1713.0,29.38,98686.0
1857,1714.0,29.4,98740.0
1858,1713.0,29.38,98793.0
1859,1713.0,29.38,98846.0
1860,1690.0,28.98,98899.0
1861,1713.0,29.38,98953.0
1862,1719.0,29.48,99005.0
1863,1720.0,29.5,99058.0
1864,1696.0,29.09,99111.0
1865,1719.0,29.48,99165.0
1866,1718.0,29.46,99218.0
1867,1719.0,29.48,99271.0
1868,1719.0,29.48,99324.0
1869,1719.0,29.48,99378.0
1870,1713.0,29.38,99431.0
1871,1713.0,29.38,99484.0
1872,1712.0,29.36,99537.0
1873,1713.0,29.38,99591.0
1874,1690.0,28.98,99644.0
1875,1713.0,29.38,99697.0
1876,1692.0,29.02,99750.0
1877,1714.0,29.4,99804.0
1878,1691.0,29.0,99857.0
1879,1690.0,28.98,99910.0
1880,1713.0,29.38,99963.0
1881,1713.0,29.38,100017.0
1882,1713.0,29.38,100070.0
1883,1713.0,29.38,100123.0
1884,1691.0,29.0,100176.0
1885,1713.0,29.38,100230.0
1886,1714.0,29.4,100283.0
1887,1714.0,29.4,100336.0
1888,1714.0,29.4,100389.0
1889,1713.0,29.38,100443.0
1890,1713.0,29.38,100496.0
1891,1712.0,29.36,100549.0
1892,1713.0,29.38,100602.0
1893,1713.0,29.38,100656.0
1894,1713.0,29.38,100709.0
1895,1713.0,29.38,100762.0
1896,1713.0,29.38,100815.0
1897,1713.0,29.38,100869.0
1898,1713.0,29.38,100922.0
1899,1712.0,29.36,100975.0
1900,1690.0,28.98,101028.0
1901,1713.0,29.38,101082.0
1902,1713.0,29.38,101135.0
1903,1691.0,29.0,101188.0
1904,1713.0,29.38,101241.0
1905,1712.0,29.36,101295.0
1906,1714.0,29.4,101348.0
1907,1713.0,29.38,101401.0
1908,1691.0,29.0,101454.0
1909,1713.0,29.38,101508.0
1910,1714.0,29.4,101561.0
1911,1713.0,29.38,101614.0
1912,1714.0,29.4,101667.0
1913,1713.0,29.38,101721.0
1914,1714.0,29.4,101774.0
1915,1713.0,29.38,101827.0
1916,1713.0,29.38,101880.0
1917,1714.0,29.4,101934.0
1918,1691.0,29.0,101987.0
1919,1713.0,29.38,102040.0
1920,1713.0,29.38,102093.0
1921,1713.0,29.38,102147.0
1922,1713.0,29.38,102200.0
1923,1714.0,29.4,102253.0
1924,1713.0,29.38,102306.0
1925,1713.0,29.38,102360.0
1926,1713.0,29.38,102413.0
1927,1713.0,29.38,102466.0
1928,1713.0,29.38,102519.0
1929,1713.0,29.38,102573.0
1930,1713.0,29.38,102626.0
1931,1713.0,29.38,102679.0
1932,1713.0,29.38,102732.0
1933,1712.0,29.36,102786.0
1934,1713.0,29.38,102839.0
1935,1713.0,29.38,102892.0
1936,1712.0,29.36,102945.0
1937,1713.0,29.38,102999.0
1938,1713.0,29.38,103052.0
1939,1713.0,29.38,103105.0
1940,1712.0,29.36,103158.0
1941,1713.0,29.38,103212.0
1942,1714.0,29.4,103265.0
1943,1713.0,29.38,103318.0
1944,1712.0,29.36,103371.0
1945,1713.0,29.38,103425.0
1946,1713.0,29.38,103478.0
1947,1713.0,29.38,103531.0
1948,1714.0,29.4,103584.0
1949,1714.0,29.4,103638.0
1950,1713.0,29.38,103691.0
1951,1713.0,29.38,103744.0
1952,1713.0,29.38,103797.0
1953,1712.0,29.36,103851.0
1954,1713.0,29.38,103904.0
1955,1713.0,29.38,103957.0
1956,1713.0,29.38,104010.0
1957,1712.0,29.36,104064.0
1958,1713.0,29.38,104117.0
1959,1713.0,29.38,104170.0
1960,1720.0,29.5,104223.0
