Index,deltaT_us,distance_cm,timestamp_ms
9,1749.0,30.0,479.0
10,1754.0,30.08,531.0
11,1748.0,29.98,584.0
12,1749.0,30.0,637.0
13,1748.0,29.98,691.0
14,1748.0,29.98,744.0
15,1755.0,30.1,796.0
16,1755.0,30.1,849.0
17,1749.0,30.0,903.0
18,1749.0,30.0,956.0
19,1749.0,30.0,1009.0
20,1748.0,29.98,1062.0
21,1755.0,30.1,1115.0
22,1754.0,30.08,1168.0
23,1748.0,29.98,1221.0
24,1748.0,29.98,1274.0
25,1747.0,29.96,1328.0
26,1749.0,30.0,1381.0
27,1748.0,29.98,1434.0
28,1750.0,30.01,1487.0
29,1754.0,30.08,1540.0
30,1754.0,30.08,1593.0
31,1749.0,30.0,1646.0
32,1749.0,30.0,1699.0
33,1747.0,29.96,1753.0
34,1748.0,29.98,1806.0
35,1748.0,29.98,1859.0
36,1754.0,30.08,1911.0
37,1754.0,30.08,1965.0
38,1748.0,29.98,2018.0
39,1748.0,29.98,2071.0
40,1748.0,29.98,2124.0
41,1748.0,29.98,2178.0
42,1748.0,29.98,2231.0
43,1755.0,30.1,2283.0
44,1754.0,30.08,2336.0
45,1748.0,29.98,2390.0
46,1748.0,29.98,2443.0
47,1749.0,30.0,2496.0
48,1751.0,30.03,2549.0
49,1748.0,29.98,2603.0
50,1755.0,30.1,2656.0
51,1754.0,30.08,2708.0
52,1749.0,30.0,2761.0
53,1748.0,29.98,2814.0
54,1749.0,30.0,2868.0
55,1749.0,30.0,2921.0
56,1748.0,29.98,2974.0
57,1749.0,30.0,3027.0
58,1754.0,30.08,3080.0
59,1754.0,30.08,3133.0
60,1748.0,29.98,3186.0
61,1748.0,29.98,3239.0
62,1748.0,29.98,3293.0
63,1748.0,29.98,3346.0
64,1748.0,29.98,3399.0
65,1754.0,30.08,3451.0
66,1754.0,30.08,3505.0
67,1749.0,30.0,3558.0
68,1748.0,29.98,3611.0
69,1748.0,29.98,3664.0
70,1750.0,30.01,3718.0
71,1749.0,30.0,3771.0
72,1754.0,30.08,3823.0
73,1754.0,30.08,3876.0
74,1748.0,29.98,3930.0
75,1748.0,29.98,3983.0
76,1748.0,29.98,4036.0
77,1750.0,30.01,4089.0
78,1749.0,30.0,4143.0
79,1754.0,30.08,4196.0
80,1757.0,30.13,4248.0
81,1756.0,30.12,4301.0
82,1750.0,30.01,4355.0
83,1748.0,29.98,4408.0
84,1748.0,29.98,4461.0
85,1749.0,30.0,4514.0
86,1748.0,29.98,4568.0
87,1754.0,30.08,4620.0
88,1757.0,30.13,4673.0
89,1750.0,30.01,4726.0
90,1747.0,29.96,4780.0
91,1750.0,30.01,4833.0
92,1751.0,30.03,4886.0
93,1748.0,29.98,4939.0
94,1754.0,30.08,4993.0
95,1754.0,30.08,5045.0
96,1748.0,29.98,5098.0
97,1750.0,30.01,5151.0
98,1748.0,29.98,5204.0
99,1748.0,29.98,5258.0
100,1748.0,29.98,5311.0
101,1748.0,29.98,5364.0
102,1757.0,30.13,5417.0
103,1754.0,30.08,5470.0
104,1757.0,30.13,5523.0
105,1748.0,29.98,5576.0
106,1749.0,30.0,5629.0
107,1748.0,29.98,5683.0
108,1748.0,29.98,5736.0
109,1748.0,29.98,5789.0
110,1748.0,29.98,5842.0
111,1748.0,29.98,5896.0
112,1748.0,29.98,5949.0
113,1754.0,30.08,6001.0
114,1754.0,30.08,6054.0
115,1754.0,30.08,6108.0
116,1748.0,29.98,6161.0
117,1750.0,30.01,6214.0
118,1748.0,29.98,6267.0
119,1747.0,29.96,6321.0
120,1748.0,29.98,6374.0
121,1748.0,29.98,6427.0
122,1748.0,29.98,6480.0
123,1748.0,29.98,6534.0
124,1754.0,30.08,6586.0
125,1754.0,30.08,6639.0
126,1754.0,30.08,6692.0
127,1748.0,29.98,6746.0
128,1751.0,30.03,6799.0
129,1750.0,30.01,6852.0
130,1751.0,30.03,6905.0
131,1748.0,29.98,6959.0
132,1751.0,30.03,7012.0
133,1748.0,29.98,7065.0
134,1754.0,30.08,7118.0
135,1754.0,30.08,7171.0
136,1755.0,30.1,7224.0
137,1748.0,29.98,7277.0
138,1751.0,30.03,7330.0
139,1748.0,29.98,7384.0
140,1748.0,29.98,7437.0
141,1749.0,30.0,7490.0
142,1748.0,29.98,7543.0
143,1748.0,29.98,7597.0
144,1750.0,30.01,7650.0
145,1756.0,30.12,7702.0
146,1754.0,30.08,7755.0
147,1755.0,30.1,7809.0
148,1747.0,29.96,7862.0
149,1749.0,30.0,7915.0
150,1747.0,29.96,7968.0
151,1747.0,29.96,8022.0
152,1750.0,30.01,8075.0
153,1747.0,29.96,8128.0
154,1747.0,29.96,8181.0
155,1747.0,29.96,8235.0
156,1754.0,30.08,8287.0
157,1754.0,30.08,8340.0
158,1754.0,30.08,8393.0
159,1748.0,29.98,8446.0
160,1748.0,29.98,8500.0
161,1748.0,29.98,8553.0
162,1747.0,29.96,8606.0
163,1747.0,29.96,8659.0
164,1748.0,29.98,8713.0
165,1750.0,30.01,8766.0
166,1750.0,30.01,8819.0
167,1756.0,30.12,8871.0
168,1757.0,30.13,8925.0
169,1755.0,30.1,8978.0
170,1749.0,30.0,9031.0
171,1748.0,29.98,9084.0
172,1748.0,29.98,9138.0
173,1748.0,29.98,9191.0
174,1748.0,29.98,9244.0
175,1747.0,29.96,9297.0
176,1748.0,29.98,9351.0
177,1749.0,30.0,9404.0
178,1754.0,30.08,9456.0
179,1755.0,30.1,9509.0
180,1754.0,30.08,9563.0
181,1748.0,29.98,9616.0
182,1748.0,29.98,9669.0
183,1748.0,29.98,9722.0
184,1748.0,29.98,9776.0
185,1749.0,30.0,9829.0
186,1749.0,30.0,9882.0
187,1748.0,29.98,9935.0
188,1755.0,30.1,9989.0
189,1754.0,30.08,10041.0
190,1753.0,30.06,10094.0
191,1755.0,30.1,10147.0
192,1754.0,30.08,10201.0
193,1749.0,30.0,10254.0
194,1748.0,29.98,10307.0
195,1749.0,30.0,10360.0
196,1749.0,30.0,10414.0
197,1748.0,29.98,10467.0
198,1747.0,29.96,10520.0
199,1748.0,29.98,10573.0
200,1749.0,30.0,10627.0
201,1749.0,30.0,10680.0
202,1748.0,29.98,10733.0
203,1749.0,30.0,10786.0
204,1748.0,29.98,10840.0
205,1748.0,29.98,10893.0
206,1748.0,29.98,10946.0
207,1749.0,30.0,10999.0
208,1754.0,30.08,11052.0
209,1754.0,30.08,11105.0
210,1756.0,30.12,11158.0
211,1755.0,30.1,11211.0
212,1755.0,30.1,11265.0
213,1748.0,29.98,11318.0
214,1748.0,29.98,11371.0
215,1748.0,29.98,11424.0
216,1748.0,29.98,11478.0
217,1748.0,29.98,11531.0
218,1748.0,29.98,11584.0
219,1748.0,29.98,11637.0
220,1748.0,29.98,11691.0
221,1750.0,30.01,11744.0
222,1748.0,29.98,11797.0
223,1748.0,29.98,11850.0
224,1748.0,29.98,11904.0
225,1748.0,29.98,11957.0
226,1748.0,29.98,12010.0
227,1748.0,29.98,12063.0
228,1753.0,30.06,12116.0
229,1754.0,30.08,12169.0
230,1754.0,30.08,12222.0
231,1753.0,30.06,12275.0
232,1754.0,30.08,12328.0
233,1749.0,30.0,12382.0
234,1748.0,29.98,12435.0
235,1748.0,29.98,12488.0
236,1748.0,29.98,12541.0
237,1747.0,29.96,12595.0
238,1748.0,29.98,12648.0
239,1747.0,29.96,12701.0
240,1748.0,29.98,12754.0
241,1748.0,29.98,12808.0
242,1748.0,29.98,12861.0
243,1748.0,29.98,12914.0
244,1748.0,29.98,12967.0
245,1749.0,30.0,13021.0
246,1748.0,29.98,13074.0
247,1748.0,29.98,13127.0
248,1754.0,30.08,13179.0
249,1754.0,30.08,13233.0
250,1757.0,30.13,13286.0
251,1755.0,30.1,13339.0
252,1755.0,30.1,13392.0
253,1750.0,30.01,13446.0
254,1750.0,30.01,13499.0
255,1751.0,30.03,13552.0
256,1750.0,30.01,13605.0
257,1751.0,30.03,13659.0
258,1751.0,30.03,13712.0
259,1751.0,30.03,13765.0
260,1750.0,30.01,13818.0
261,1749.0,30.0,13872.0
262,1749.0,30.0,13925.0
263,1751.0,30.03,13978.0
264,1750.0,30.01,14031.0
265,1750.0,30.01,14085.0
266,1750.0,30.01,14138.0
267,1748.0,29.98,14191.0
268,1756.0,30.12,14244.0
269,1755.0,30.1,14297.0
270,1754.0,30.08,14350.0
271,1754.0,30.08,14403.0
272,1755.0,30.1,14456.0
273,1755.0,30.1,14510.0
274,1748.0,29.98,14563.0
275,1751.0,30.03,14616.0
276,1748.0,29.98,14669.0
277,1748.0,29.98,14723.0
278,1748.0,29.98,14776.0
279,1748.0,29.98,14829.0
280,1748.0,29.98,14882.0
281,1748.0,29.98,14936.0
282,1749.0,30.0,14989.0
283,1748.0,29.98,15042.0
284,1748.0,29.98,15095.0
285,1747.0,29.96,15149.0
286,1748.0,29.98,15202.0
287,1748.0,29.98,15255.0
288,1749.0,30.0,15308.0
289,1755.0,30.1,15361.0
290,1754.0,30.08,15414.0
291,1753.0,30.06,15467.0
292,1754.0,30.08,15520.0
293,1754.0,30.08,15574.0
294,1748.0,29.98,15627.0
295,1748.0,29.98,15680.0
296,1748.0,29.98,15733.0
297,1747.0,29.96,15787.0
298,1748.0,29.98,15840.0
299,1748.0,29.98,15893.0
300,1748.0,29.98,15946.0
301,1747.0,29.96,16000.0
302,1748.0,29.98,16053.0
303,1748.0,29.98,16106.0
304,1747.0,29.96,16159.0
305,1747.0,29.96,16212.0
306,1748.0,29.98,16266.0
307,1748.0,29.98,16319.0
308,1748.0,29.98,16372.0
309,1748.0,29.98,16425.0
310,1754.0,30.08,16478.0
311,1754.0,30.08,16531.0
312,1753.0,30.06,16584.0
313,1754.0,30.08,16637.0
314,1754.0,30.08,16691.0
315,1750.0,30.01,16744.0
316,1747.0,29.96,16797.0
317,1748.0,29.98,16850.0
318,1750.0,30.01,16904.0
319,1748.0,29.98,16957.0
320,1750.0,30.01,17010.0
321,1750.0,30.01,17063.0
322,1751.0,30.03,17117.0
323,1750.0,30.01,17170.0
324,1750.0,30.01,17223.0
325,1750.0,30.01,17276.0
326,1750.0,30.01,17330.0
327,1750.0,30.01,17383.0
328,1750.0,30.01,17436.0
329,1750.0,30.01,17489.0
330,1754.0,30.08,17542.0
331,1754.0,30.08,17595.0
332,1754.0,30.08,17648.0
333,1754.0,30.08,17701.0
334,1754.0,30.08,17755.0
335,1748.0,29.98,17808.0
336,1751.0,30.03,17861.0
337,1750.0,30.01,17914.0
338,1750.0,30.01,17968.0
339,1750.0,30.01,18021.0
340,1747.0,29.96,18074.0
341,1747.0,29.96,18127.0
342,1750.0,30.01,18181.0
343,1750.0,30.01,18234.0
344,1751.0,30.03,18287.0
345,1750.0,30.01,18340.0
346,1749.0,30.0,18394.0
347,1750.0,30.01,18447.0
348,1748.0,29.98,18500.0
349,1747.0,29.96,18553.0
350,1754.0,30.08,18606.0
351,1753.0,30.06,18659.0
352,1754.0,30.08,18712.0
353,1753.0,30.06,18765.0
354,1756.0,30.12,18819.0
355,1751.0,30.03,18872.0
356,1747.0,29.96,18925.0
357,1747.0,29.96,18978.0
358,1747.0,29.96,19032.0
359,1748.0,29.98,19085.0
360,1748.0,29.98,19138.0
361,1749.0,30.0,19191.0
362,1748.0,29.98,19245.0
363,1748.0,29.98,19298.0
364,1749.0,30.0,19351.0
365,1748.0,29.98,19404.0
366,1747.0,29.96,19458.0
367,1748.0,29.98,19511.0
368,1747.0,29.96,19564.0
369,1747.0,29.96,19617.0
370,1754.0,30.08,19671.0
371,1754.0,30.08,19723.0
372,1754.0,30.08,19776.0
373,1754.0,30.08,19829.0
374,1754.0,30.08,19883.0
375,1754.0,30.08,19936.0
376,1748.0,29.98,19989.0
377,1747.0,29.96,20042.0
378,1747.0,29.96,20096.0
379,1747.0,29.96,20149.0
380,1748.0,29.98,20202.0
381,1748.0,29.98,20255.0
382,1747.0,29.96,20308.0
383,1750.0,30.01,20362.0
384,1748.0,29.98,20415.0
385,1747.0,29.96,20468.0
386,1750.0,30.01,20521.0
387,1747.0,29.96,20575.0
388,1748.0,29.98,20628.0
389,1748.0,29.98,20681.0
390,1748.0,29.98,20734.0
391,1753.0,30.06,20787.0
392,1753.0,30.06,20840.0
393,1753.0,30.06,20893.0
394,1754.0,30.08,20946.0
395,1753.0,30.06,21000.0
396,1747.0,29.96,21053.0
397,1750.0,30.01,21106.0
398,1747.0,29.96,21159.0
399,1747.0,29.96,21213.0
400,1750.0,30.01,21266.0
401,1747.0,29.96,21319.0
402,1749.0,30.0,21372.0
403,1747.0,29.96,21426.0
404,1747.0,29.96,21479.0
405,1748.0,29.98,21532.0
406,1749.0,30.0,21585.0
407,1748.0,29.98,21639.0
408,1748.0,29.98,21692.0
409,1748.0,29.98,21745.0
410,1754.0,30.08,21798.0
411,1754.0,30.08,21851.0
412,1754.0,30.08,21904.0
413,1753.0,30.06,21957.0
414,1756.0,30.12,22010.0
415,1754.0,30.08,22064.0
416,1747.0,29.96,22117.0
417,1747.0,29.96,22170.0
418,1748.0,29.98,22223.0
419,1747.0,29.96,22277.0
420,1748.0,29.98,22330.0
421,1747.0,29.96,22383.0
422,1747.0,29.96,22436.0
423,1747.0,29.96,22490.0
424,1748.0,29.98,22543.0
425,1748.0,29.98,22596.0
426,1748.0,29.98,22649.0
427,1747.0,29.96,22703.0
428,1747.0,29.96,22756.0
429,1747.0,29.96,22809.0
430,1747.0,29.96,22862.0
431,1754.0,30.08,22915.0
432,1754.0,30.08,22968.0
433,1754.0,30.08,23021.0
434,1753.0,30.06,23074.0
435,1754.0,30.08,23128.0
436,1748.0,29.98,23181.0
437,1748.0,29.98,23234.0
438,1749.0,30.0,23287.0
439,1750.0,30.01,23341.0
440,1748.0,29.98,23394.0
441,1748.0,29.98,23447.0
442,1747.0,29.96,23500.0
443,1748.0,29.98,23554.0
444,1750.0,30.01,23607.0
445,1747.0,29.96,23660.0
446,1748.0,29.98,23713.0
447,1747.0,29.96,23767.0
448,1749.0,30.0,23820.0
449,1750.0,30.01,23873.0
450,1748.0,29.98,23926.0
451,1756.0,30.12,23980.0
452,1756.0,30.12,24032.0
453,1757.0,30.13,24085.0
454,1756.0,30.12,24138.0
455,1756.0,30.12,24192.0
456,1757.0,30.13,24245.0
457,1756.0,30.12,24298.0
458,1750.0,30.01,24351.0
459,1750.0,30.01,24404.0
460,1748.0,29.98,24458.0
461,1748.0,29.98,24511.0
462,1750.0,30.01,24564.0
463,1750.0,30.01,24617.0
464,1748.0,29.98,24671.0
465,1748.0,29.98,24724.0
466,1748.0,29.98,24777.0
467,1747.0,29.96,24830.0
468,1750.0,30.01,24884.0
469,1749.0,30.0,24937.0
470,1747.0,29.96,24990.0
471,1750.0,30.01,25043.0
472,1748.0,29.98,25097.0
473,1754.0,30.08,25150.0
474,1754.0,30.08,25202.0
475,1753.0,30.06,25255.0
476,1754.0,30.08,25309.0
477,1756.0,30.12,25362.0
478,1756.0,30.12,25415.0
479,1748.0,29.98,25468.0
480,1750.0,30.01,25522.0
481,1747.0,29.96,25575.0
482,1748.0,29.98,25628.0
483,1747.0,29.96,25681.0
484,1748.0,29.98,25735.0
485,1748.0,29.98,25788.0
486,1748.0,29.98,25841.0
487,1747.0,29.96,25894.0
488,1747.0,29.96,25948.0
489,1747.0,29.96,26001.0
490,1747.0,29.96,26054.0
491,1747.0,29.96,26107.0
492,1747.0,29.96,26161.0
493,1747.0,29.96,26214.0
494,1754.0,30.08,26266.0
495,1753.0,30.06,26319.0
496,1753.0,30.06,26373.0
497,1753.0,30.06,26426.0
498,1753.0,30.06,26479.0
499,1747.0,29.96,26532.0
500,1748.0,29.98,26586.0
501,1747.0,29.96,26639.0
502,1747.0,29.96,26692.0
503,1748.0,29.98,26745.0
504,1748.0,29.98,26799.0
505,1748.0,29.98,26852.0
506,1747.0,29.96,26905.0
507,1748.0,29.98,26958.0
508,1747.0,29.96,27012.0
509,1748.0,29.98,27065.0
510,1747.0,29.96,27118.0
511,1747.0,29.96,27171.0
512,1747.0,29.96,27225.0
513,1748.0,29.98,27278.0
514,1753.0,30.06,27330.0
515,1752.0,30.05,27383.0
516,1752.0,30.05,27437.0
517,1754.0,30.08,27490.0
518,1753.0,30.06,27543.0
519,1747.0,29.96,27596.0
520,1747.0,29.96,27650.0
521,1747.0,29.96,27703.0
522,1747.0,29.96,27756.0
523,1748.0,29.98,27809.0
524,1747.0,29.96,27863.0
525,1747.0,29.96,27916.0
526,1749.0,30.0,27969.0
527,1748.0,29.98,28022.0
528,1747.0,29.96,28076.0
529,1748.0,29.98,28129.0
530,1747.0,29.96,28182.0
531,1747.0,29.96,28235.0
532,1747.0,29.96,28289.0
533,1747.0,29.96,28342.0
534,1753.0,30.06,28394.0
535,1754.0,30.08,28447.0
536,1753.0,30.06,28500.0
537,1753.0,30.06,28554.0
538,1754.0,30.08,28607.0
539,1747.0,29.96,28660.0
540,1747.0,29.96,28713.0
541,1747.0,29.96,28767.0
542,1747.0,29.96,28820.0
543,1748.0,29.98,28873.0
544,1747.0,29.96,28926.0
545,1749.0,30.0,28980.0
546,1747.0,29.96,29033.0
547,1748.0,29.98,29086.0
548,1747.0,29.96,29139.0
549,1747.0,29.96,29193.0
550,1747.0,29.96,29246.0
551,1747.0,29.96,29299.0
552,1748.0,29.98,29352.0
553,1748.0,29.98,29406.0
554,1754.0,30.08,29458.0
555,1754.0,30.08,29511.0
556,1753.0,30.06,29564.0
557,1753.0,30.06,29618.0
558,1753.0,30.06,29671.0
559,1748.0,29.98,29724.0
560,1748.0,29.98,29777.0
561,1748.0,29.98,29831.0
562,1750.0,30.01,29884.0
563,1748.0,29.98,29937.0
564,1751.0,30.03,29990.0
565,1748.0,29.98,30044.0
566,1747.0,29.96,30097.0
567,1750.0,30.01,30150.0
568,1749.0,30.0,30203.0
569,1751.0,30.03,30257.0
570,1750.0,30.01,30310.0
571,1748.0,29.98,30363.0
572,1749.0,30.0,30416.0
573,1748.0,29.98,30470.0
574,1754.0,30.08,30523.0
575,1756.0,30.12,30575.0
576,1754.0,30.08,30628.0
577,1754.0,30.08,30682.0
578,1754.0,30.08,30735.0
579,1753.0,30.06,30788.0
580,1750.0,30.01,30841.0
581,1747.0,29.96,30895.0
582,1747.0,29.96,30948.0
583,1750.0,30.01,31001.0
584,1748.0,29.98,31054.0
585,1748.0,29.98,31108.0
586,1748.0,29.98,31161.0
587,1750.0,30.01,31214.0
588,1749.0,30.0,31267.0
589,1750.0,30.01,31321.0
590,1750.0,30.01,31374.0
591,1748.0,29.98,31427.0
592,1747.0,29.96,31480.0
593,1750.0,30.01,31534.0
594,1750.0,30.01,31587.0
595,1753.0,30.06,31639.0
596,1754.0,30.08,31692.0
597,1757.0,30.13,31746.0
598,1754.0,30.08,31799.0
599,1757.0,30.13,31852.0
600,1756.0,30.12,31905.0
601,1750.0,30.01,31959.0
602,1750.0,30.01,32012.0
603,1748.0,29.98,32065.0
604,1748.0,29.98,32118.0
605,1749.0,30.0,32172.0
606,1748.0,29.98,32225.0
607,1750.0,30.01,32278.0
608,1750.0,30.01,32331.0
609,1750.0,30.01,32385.0
610,1750.0,30.01,32438.0
611,1750.0,30.01,32491.0
612,1748.0,29.98,32544.0
613,1749.0,30.0,32598.0
614,1747.0,29.96,32651.0
615,1748.0,29.98,32704.0
616,1756.0,30.12,32756.0
617,1757.0,30.13,32809.0
618,1753.0,30.06,32863.0
619,1754.0,30.08,32916.0
620,1754.0,30.08,32969.0
621,1750.0,30.01,33022.0
622,1748.0,29.98,33076.0
623,1750.0,30.01,33129.0
624,1748.0,29.98,33182.0
625,1750.0,30.01,33235.0
626,1750.0,30.01,33289.0
627,1750.0,30.01,33342.0
628,1750.0,30.01,33395.0
629,1750.0,30.01,33448.0
630,1750.0,30.01,33502.0
631,1750.0,30.01,33555.0
632,1750.0,30.01,33608.0
633,1750.0,30.01,33661.0
634,1751.0,30.03,33715.0
635,1750.0,30.01,33768.0
636,1750.0,30.01,33821.0
637,1756.0,30.12,33873.0
638,1756.0,30.12,33927.0
639,1756.0,30.12,33980.0
640,1756.0,30.12,34033.0
641,1755.0,30.1,34086.0
642,1756.0,30.12,34140.0
643,1750.0,30.01,34193.0
644,1751.0,30.03,34246.0
645,1750.0,30.01,34299.0
646,1750.0,30.01,34353.0
647,1750.0,30.01,34406.0
648,1749.0,30.0,34459.0
649,1750.0,30.01,34512.0
650,1750.0,30.01,34566.0
651,1751.0,30.03,34619.0
652,1750.0,30.01,34672.0
653,1748.0,29.98,34725.0
654,1748.0,29.98,34779.0
655,1750.0,30.01,34832.0
656,1748.0,29.98,34885.0
657,1751.0,30.03,34938.0
658,1756.0,30.12,34991.0
659,1756.0,30.12,35044.0
660,1757.0,30.13,35097.0
661,1756.0,30.12,35150.0
662,1756.0,30.12,35204.0
663,1754.0,30.08,35257.0
664,1750.0,30.01,35310.0
665,1749.0,30.0,35363.0
666,1747.0,29.96,35417.0
667,1749.0,30.0,35470.0
668,1749.0,30.0,35523.0
669,1750.0,30.01,35576.0
670,1750.0,30.01,35630.0
671,1750.0,30.01,35683.0
672,1750.0,30.01,35736.0
673,1750.0,30.01,35789.0
674,1750.0,30.01,35843.0
675,1750.0,30.01,35896.0
676,1750.0,30.01,35949.0
677,1748.0,29.98,36002.0
678,1750.0,30.01,36056.0
679,1757.0,30.13,36108.0
680,1756.0,30.12,36161.0
681,1756.0,30.12,36214.0
682,1757.0,30.13,36268.0
683,1754.0,30.08,36321.0
684,1756.0,30.12,36374.0
685,1750.0,30.01,36427.0
686,1750.0,30.01,36481.0
687,1748.0,29.98,36534.0
688,1747.0,29.96,36587.0
689,1748.0,29.98,36640.0
690,1747.0,29.96,36694.0
691,1748.0,29.98,36747.0
692,1750.0,30.01,36800.0
693,1750.0,30.01,36853.0
694,1750.0,30.01,36907.0
695,1750.0,30.01,36960.0
696,1750.0,30.01,37013.0
697,1749.0,30.0,37066.0
698,1750.0,30.01,37120.0
699,1750.0,30.01,37173.0
700,1754.0,30.08,37226.0
701,1756.0,30.12,37278.0
702,1756.0,30.12,37331.0
703,1756.0,30.12,37385.0
704,1756.0,30.12,37438.0
705,1756.0,30.12,37491.0
706,1756.0,30.12,37544.0
707,1749.0,30.0,37598.0
708,1751.0,30.03,37651.0
709,1750.0,30.01,37704.0
710,1749.0,30.0,37757.0
711,1750.0,30.01,37811.0
712,1751.0,30.03,37864.0
713,1750.0,30.01,37917.0
714,1751.0,30.03,37970.0
715,1750.0,30.01,38024.0
716,1748.0,29.98,38077.0
717,1748.0,29.98,38130.0
718,1751.0,30.03,38183.0
719,1750.0,30.01,38237.0
720,1750.0,30.01,38290.0
721,1749.0,30.0,38343.0
722,1753.0,30.06,38396.0
723,1754.0,30.08,38449.0
724,1754.0,30.08,38502.0
725,1753.0,30.06,38555.0
726,1756.0,30.12,38608.0
727,1754.0,30.08,38662.0
728,1747.0,29.96,38715.0
729,1749.0,30.0,38768.0
730,1750.0,30.01,38821.0
731,1748.0,29.98,38875.0
732,1748.0,29.98,38928.0
733,1747.0,29.96,38981.0
734,1750.0,30.01,39034.0
735,1749.0,30.0,39088.0
736,1748.0,29.98,39141.0
737,1748.0,29.98,39194.0
738,1750.0,30.01,39247.0
739,1748.0,29.98,39301.0
740,1748.0,29.98,39354.0
741,1750.0,30.01,39407.0
742,1750.0,30.01,39460.0
743,1754.0,30.08,39513.0
744,1754.0,30.08,39566.0
745,1754.0,30.08,39619.0
746,1756.0,30.12,39672.0
747,1754.0,30.08,39726.0
748,1748.0,29.98,39779.0
749,1747.0,29.96,39832.0
750,1750.0,30.01,39885.0
751,1750.0,30.01,39939.0
752,1751.0,30.03,39992.0
753,1748.0,29.98,40045.0
754,1751.0,30.03,40098.0
755,1748.0,29.98,40152.0
756,1750.0,30.01,40205.0
757,1748.0,29.98,40258.0
758,1750.0,30.01,40311.0
759,1751.0,30.03,40365.0
760,1748.0,29.98,40418.0
761,1749.0,30.0,40471.0
762,1750.0,30.01,40524.0
763,1748.0,29.98,40578.0
764,1756.0,30.12,40630.0
765,1754.0,30.08,40683.0
766,1756.0,30.12,40736.0
767,1756.0,30.12,40790.0
768,1754.0,30.08,40843.0
769,1756.0,30.12,40896.0
770,1750.0,30.01,40949.0
771,1749.0,30.0,41003.0
772,1750.0,30.01,41056.0
773,1750.0,30.01,41109.0
774,1750.0,30.01,41162.0
775,1750.0,30.01,41216.0
776,1750.0,30.01,41269.0
777,1750.0,30.01,41322.0
778,1750.0,30.01,41375.0
779,1750.0,30.01,41428.0
780,1751.0,30.03,41482.0
781,1750.0,30.01,41535.0
782,1750.0,30.01,41588.0
783,1750.0,30.01,41641.0
784,1750.0,30.01,41695.0
785,1756.0,30.12,41748.0
786,1756.0,30.12,41800.0
787,1756.0,30.12,41853.0
788,1757.0,30.13,41907.0
789,1757.0,30.13,41960.0
790,1756.0,30.12,42013.0
791,1756.0,30.12,42066.0
792,1750.0,30.01,42120.0
793,1750.0,30.01,42173.0
794,1751.0,30.03,42226.0
795,1750.0,30.01,42279.0
796,1750.0,30.01,42333.0
797,1751.0,30.03,42386.0
798,1749.0,30.0,42439.0
799,1750.0,30.01,42492.0
800,1749.0,30.0,42546.0
801,1750.0,30.01,42599.0
802,1750.0,30.01,42652.0
803,1750.0,30.01,42705.0
804,1749.0,30.0,42759.0
805,1750.0,30.01,42812.0
806,1749.0,30.0,42865.0
807,1756.0,30.12,42917.0
808,1756.0,30.12,42971.0
809,1756.0,30.12,43024.0
810,1755.0,30.1,43077.0
811,1756.0,30.12,43130.0
812,1756.0,30.12,43184.0
813,1749.0,30.0,43237.0
814,1750.0,30.01,43290.0
815,1750.0,30.01,43343.0
816,1750.0,30.01,43397.0
817,1751.0,30.03,43450.0
818,1751.0,30.03,43503.0
819,1750.0,30.01,43556.0
820,1749.0,30.0,43610.0
821,1750.0,30.01,43663.0
822,1751.0,30.03,43716.0
823,1748.0,29.98,43769.0
824,1750.0,30.01,43823.0
825,1749.0,30.0,43876.0
826,1748.0,29.98,43929.0
827,1751.0,30.03,43982.0
828,1751.0,30.03,44036.0
829,1756.0,30.12,44088.0
830,1757.0,30.13,44141.0
831,1756.0,30.12,44194.0
832,1756.0,30.12,44248.0
833,1756.0,30.12,44301.0
834,1756.0,30.12,44354.0
835,1749.0,30.0,44407.0
836,1749.0,30.0,44461.0
837,1750.0,30.01,44514.0
838,1749.0,30.0,44567.0
839,1750.0,30.01,44620.0
840,1750.0,30.01,44674.0
841,1750.0,30.01,44727.0
842,1749.0,30.0,44780.0
843,1750.0,30.01,44833.0
844,1750.0,30.01,44887.0
845,1750.0,30.01,44940.0
846,1750.0,30.01,44993.0
847,1750.0,30.01,45046.0
848,1749.0,30.0,45100.0
849,1750.0,30.01,45153.0
850,1757.0,30.13,45205.0
851,1756.0,30.12,45258.0
852,1756.0,30.12,45312.0
853,1756.0,30.12,45365.0
854,1757.0,30.13,45418.0
855,1756.0,30.12,45471.0
856,1750.0,30.01,45524.0
857,1750.0,30.01,45578.0
858,1751.0,30.03,45631.0
859,1751.0,30.03,45684.0
860,1750.0,30.01,45737.0
861,1751.0,30.03,45791.0
862,1750.0,30.01,45844.0
863,1750.0,30.01,45897.0
864,1750.0,30.01,45950.0
865,1750.0,30.01,46004.0
866,1750.0,30.01,46057.0
867,1751.0,30.03,46110.0
868,1750.0,30.01,46163.0
869,1751.0,30.03,46217.0
870,1751.0,30.03,46270.0
871,1750.0,30.01,46323.0
872,1757.0,30.13,46375.0
873,1756.0,30.12,46429.0
874,1756.0,30.12,46482.0
875,1757.0,30.13,46535.0
876,1756.0,30.12,46588.0
877,1755.0,30.1,46642.0
878,1750.0,30.01,46695.0
879,1750.0,30.01,46748.0
880,1750.0,30.01,46801.0
881,1750.0,30.01,46855.0
882,1750.0,30.01,46908.0
883,1751.0,30.03,46961.0
884,1750.0,30.01,47014.0
885,1750.0,30.01,47068.0
886,1748.0,29.98,47121.0
887,1751.0,30.03,47174.0
888,1751.0,30.03,47227.0
889,1750.0,30.01,47281.0
890,1750.0,30.01,47334.0
891,1750.0,30.01,47387.0
892,1750.0,30.01,47440.0
893,1755.0,30.1,47494.0
894,1756.0,30.12,47546.0
895,1756.0,30.12,47599.0
896,1756.0,30.12,47652.0
897,1755.0,30.1,47706.0
898,1756.0,30.12,47759.0
899,1751.0,30.03,47812.0
900,1750.0,30.01,47865.0
901,1750.0,30.01,47919.0
902,1750.0,30.01,47972.0
903,1749.0,30.0,48025.0
904,1749.0,30.0,48078.0
905,1750.0,30.01,48132.0
906,1750.0,30.01,48185.0
907,1750.0,30.01,48238.0
908,1750.0,30.01,48291.0
909,1750.0,30.01,48345.0
910,1750.0,30.01,48398.0
911,1750.0,30.01,48451.0
912,1750.0,30.01,48504.0
913,1750.0,30.01,48558.0
914,1751.0,30.03,48611.0
915,1756.0,30.12,48663.0
916,1755.0,30.1,48716.0
917,1756.0,30.12,48770.0
918,1755.0,30.1,48823.0
919,1756.0,30.12,48876.0
920,1755.0,30.1,48929.0
921,1750.0,30.01,48983.0
922,1750.0,30.01,49036.0
923,1750.0,30.01,49089.0
924,1750.0,30.01,49142.0
925,1749.0,30.0,49196.0
926,1749.0,30.0,49249.0
927,1749.0,30.0,49302.0
928,1749.0,30.0,49355.0
929,1749.0,30.0,49409.0
930,1750.0,30.01,49462.0
931,1750.0,30.01,49515.0
932,1750.0,30.01,49568.0
933,1750.0,30.01,49622.0
934,1750.0,30.01,49675.0
935,1750.0,30.01,49728.0
936,1756.0,30.12,49780.0
937,1756.0,30.12,49833.0
938,1756.0,30.12,49887.0
939,1755.0,30.1,49940.0
940,1756.0,30.12,49993.0
941,1756.0,30.12,50046.0
942,1750.0,30.01,50100.0
943,1750.0,30.01,50153.0
944,1749.0,30.0,50206.0
945,1749.0,30.0,50259.0
946,1750.0,30.01,50313.0
947,1750.0,30.01,50366.0
948,1749.0,30.0,50419.0
949,1750.0,30.01,50472.0
950,1749.0,30.0,50526.0
951,1749.0,30.0,50579.0
952,1750.0,30.01,50632.0
953,1750.0,30.01,50685.0
954,1750.0,30.01,50739.0
955,1751.0,30.03,50792.0
956,1749.0,30.0,50845.0
957,1750.0,30.01,50898.0
958,1756.0,30.12,50951.0
959,1756.0,30.12,51004.0
960,1755.0,30.1,51057.0
961,1756.0,30.12,51110.0
962,1756.0,30.12,51164.0
963,1755.0,30.1,51217.0
964,1749.0,30.0,51270.0
965,1749.0,30.0,51323.0
966,1749.0,30.0,51377.0
967,1750.0,30.01,51430.0
968,1749.0,30.0,51483.0
969,1749.0,30.0,51536.0
970,1750.0,30.01,51590.0
971,1750.0,30.01,51643.0
972,1750.0,30.01,51696.0
973,1749.0,30.0,51749.0
974,1750.0,30.01,51803.0
975,1749.0,30.0,51856.0
976,1750.0,30.01,51909.0
977,1750.0,30.01,51962.0
978,1750.0,30.01,52016.0
979,1754.0,30.08,52069.0
980,1755.0,30.1,52121.0
981,1755.0,30.1,52174.0
982,1755.0,30.1,52228.0
983,1757.0,30.13,52281.0
984,1754.0,30.08,52334.0
985,1750.0,30.01,52387.0
986,1749.0,30.0,52441.0
987,1750.0,30.01,52494.0
988,1749.0,30.0,52547.0
989,1749.0,30.0,52600.0
990,1749.0,30.0,52654.0
991,1749.0,30.0,52707.0
992,1749.0,30.0,52760.0
993,1750.0,30.01,52813.0
994,1749.0,30.0,52867.0
995,1750.0,30.01,52920.0
996,1750.0,30.01,52973.0
997,1750.0,30.01,53026.0
998,1750.0,30.01,53080.0
999,1749.0,30.0,53133.0
1000,1756.0,30.12,53185.0
1001,1756.0,30.12,53238.0
1002,1755.0,30.1,53292.0
1003,1757.0,30.13,53345.0
1004,1756.0,30.12,53398.0
1005,1756.0,30.12,53451.0
1006,1756.0,30.12,53505.0
1007,1756.0,30.12,53558.0
1008,1756.0,30.12,53611.0
1009,1755.0,30.1,53664.0
1010,1756.0,30.12,53718.0
1011,1756.0,30.12,53771.0
1012,1755.0,30.1,53824.0
1013,1756.0,30.12,53877.0
1014,1755.0,30.1,53931.0
1015,1755.0,30.1,53984.0
1016,1756.0,30.12,54037.0
1017,1756.0,30.12,54090.0
1018,1755.0,30.1,54144.0
1019,1756.0,30.12,54197.0
1020,1756.0,30.12,54250.0
1021,1756.0,30.12,54303.0
1022,1755.0,30.1,54356.0
1023,1755.0,30.1,54410.0
1024,1756.0,30.12,54463.0
1025,1755.0,30.1,54516.0
1026,1756.0,30.12,54569.0
1027,1755.0,30.1,54623.0
1028,1755.0,30.1,54676.0
1029,1757.0,30.13,54729.0
1030,1756.0,30.12,54782.0
1031,1756.0,30.12,54836.0
1032,1756.0,30.12,54889.0
1033,1756.0,30.12,54943.0
1034,1755.0,30.1,54996.0
1035,1756.0,30.12,55050.0
1036,1756.0,30.12,55103.0
1037,1755.0,30.1,55156.0
1038,1756.0,30.12,55209.0
1039,1754.0,30.08,55263.0
1040,1756.0,30.12,55316.0
1041,1756.0,30.12,55369.0
1042,1756.0,30.12,55422.0
1043,1756.0,30.12,55476.0
1044,1755.0,30.1,55529.0
1045,1756.0,30.12,55582.0
1046,1753.0,30.06,55635.0
1047,1757.0,30.13,55688.0
1048,1755.0,30.1,55741.0
1049,1755.0,30.1,55795.0
1050,1756.0,30.12,55848.0
1051,1756.0,30.12,55902.0
1052,1755.0,30.1,55955.0
1053,1756.0,30.12,56008.0
1054,1756.0,30.12,56060.0
1055,1756.0,30.12,56115.0
1056,1756.0,30.12,56168.0
1057,1756.0,30.12,56221.0
1058,1755.0,30.1,56274.0
1059,1755.0,30.1,56328.0
1060,1754.0,30.08,56380.0
1061,1755.0,30.1,56433.0
1062,1755.0,30.1,56486.0
1063,1756.0,30.12,56540.0
1064,1755.0,30.1,56593.0
1065,1756.0,30.12,56646.0
1066,1756.0,30.12,56699.0
1067,1756.0,30.12,56753.0
1068,1756.0,30.12,56806.0
1069,1755.0,30.1,56859.0
1070,1755.0,30.1,56912.0
1071,1756.0,30.12,56966.0
1072,1756.0,30.12,57019.0
1073,1756.0,30.12,57072.0
1074,1756.0,30.12,57125.0
1075,1755.0,30.1,57179.0
1076,1755.0,30.1,57232.0
1077,1755.0,30.1,57285.0
1078,1756.0,30.12,57338.0
1079,1755.0,30.1,57392.0
1080,1755.0,30.1,57445.0
1081,1756.0,30.12,57498.0
1082,1756.0,30.12,57551.0
1083,1756.0,30.12,57605.0
1084,1755.0,30.1,57658.0
1085,1756.0,30.12,57711.0
1086,1756.0,30.12,57764.0
1087,1756.0,30.12,57818.0
1088,1756.0,30.12,57871.0
1089,1755.0,30.1,57924.0
1090,1756.0,30.12,57977.0
1091,1755.0,30.1,58031.0
1092,1756.0,30.12,58084.0
1093,1756.0,30.12,58137.0
1094,1756.0,30.12,58190.0
1095,1756.0,30.12,58244.0
1096,1756.0,30.12,58297.0
1097,1756.0,30.12,58350.0
1098,1757.0,30.13,58404.0
1099,1756.0,30.12,58458.0
1100,1756.0,30.12,58511.0
1101,1756.0,30.12,58564.0
1102,1756.0,30.12,58617.0
1103,1756.0,30.12,58671.0
1104,1755.0,30.1,58724.0
1105,1756.0,30.12,58777.0
1106,1756.0,30.12,58830.0
1107,1754.0,30.08,58884.0
1108,1755.0,30.1,58936.0
1109,1755.0,30.1,58989.0
1110,1756.0,30.12,59042.0
1111,1756.0,30.12,59096.0
1112,1755.0,30.1,59149.0
1113,1755.0,30.1,59202.0
1114,1755.0,30.1,59255.0
1115,1755.0,30.1,59309.0
1116,1755.0,30.1,59362.0
1117,1755.0,30.1,59415.0
1118,1756.0,30.12,59468.0
1119,1755.0,30.1,59522.0
1120,1756.0,30.12,59575.0
1121,1756.0,30.12,59628.0
1122,1757.0,30.13,59681.0
1123,1755.0,30.1,59735.0
1124,1755.0,30.1,59788.0
1125,1756.0,30.12,59841.0
1126,1755.0,30.1,59894.0
1127,1756.0,30.12,59948.0
1128,1755.0,30.1,60001.0
1129,1756.0,30.12,60054.0
1130,1755.0,30.1,60107.0
1131,1755.0,30.1,60161.0
1132,1755.0,30.1,60214.0
1133,1756.0,30.12,60267.0
1134,1756.0,30.12,60320.0
1135,1755.0,30.1,60374.0
1136,1755.0,30.1,60427.0
1137,1755.0,30.1,60480.0
1138,1755.0,30.1,60533.0
1139,1755.0,30.1,60587.0
1140,1756.0,30.12,60640.0
1141,1755.0,30.1,60693.0
1142,1755.0,30.1,60746.0
1143,1755.0,30.1,60800.0
1144,1756.0,30.12,60853.0
1145,1755.0,30.1,60906.0
1146,1753.0,30.06,60959.0
1147,1756.0,30.12,61012.0
1148,1755.0,30.1,61066.0
1149,1755.0,30.1,61119.0
1150,1755.0,30.1,61172.0
1151,1753.0,30.06,61225.0
1152,1755.0,30.1,61279.0
1153,1753.0,30.06,61332.0
1154,1756.0,30.12,61385.0
1155,1756.0,30.12,61438.0
1156,1756.0,30.12,61492.0
1157,1756.0,30.12,61545.0
1158,1755.0,30.1,61598.0
1159,1755.0,30.1,61651.0
1160,1756.0,30.12,61705.0
1161,1755.0,30.1,61758.0
1162,1755.0,30.1,61811.0
1163,1755.0,30.1,61864.0
1164,1756.0,30.12,61918.0
1165,1756.0,30.12,61971.0
1166,1756.0,30.12,62024.0
1167,1755.0,30.1,62077.0
1168,1757.0,30.13,62131.0
1169,1756.0,30.12,62184.0
1170,1756.0,30.12,62237.0
1171,1756.0,30.12,62290.0
1172,1756.0,30.12,62344.0
1173,1756.0,30.12,62397.0
1174,1755.0,30.1,62450.0
1175,1755.0,30.1,62503.0
1176,1755.0,30.1,62557.0
1177,1755.0,30.1,62610.0
1178,1755.0,30.1,62663.0
1179,1755.0,30.1,62716.0
1180,1755.0,30.1,62770.0
1181,1754.0,30.08,62823.0
1182,1755.0,30.1,62876.0
1183,1755.0,30.1,62929.0
1184,1755.0,30.1,62983.0
1185,1753.0,30.06,63036.0
1186,1755.0,30.1,63089.0
1187,1753.0,30.06,63142.0
1188,1756.0,30.12,63196.0
1189,1755.0,30.1,63249.0
1190,1755.0,30.1,63302.0
1191,1753.0,30.06,63355.0
1192,1755.0,30.1,63409.0
1193,1755.0,30.1,63462.0
1194,1753.0,30.06,63515.0
1195,1755.0,30.1,63568.0
1196,1755.0,30.1,63622.0
1197,1756.0,30.12,63675.0
1198,1755.0,30.1,63728.0
1199,1755.0,30.1,63781.0
1200,1754.0,30.08,63835.0
1201,1755.0,30.1,63888.0
1202,1755.0,30.1,63941.0
1203,1754.0,30.08,63994.0
1204,1755.0,30.1,64048.0
1205,1755.0,30.1,64101.0
1206,1753.0,30.06,64154.0
1207,1754.0,30.08,64207.0
1208,1755.0,30.1,64261.0
1209,1755.0,30.1,64314.0
1210,1755.0,30.1,64367.0
1211,1755.0,30.1,64420.0
1212,1756.0,30.12,64474.0
1213,1756.0,30.12,64527.0
1214,1755.0,30.1,64580.0
1215,1755.0,30.1,64633.0
1216,1755.0,30.1,64687.0
1217,1756.0,30.12,64740.0
1218,1755.0,30.1,64793.0
1219,1754.0,30.08,64846.0
1220,1755.0,30.1,64900.0
1221,1756.0,30.12,64953.0
1222,1755.0,30.1,65006.0
1223,1756.0,30.12,65059.0
1224,1755.0,30.1,65113.0
1225,1756.0,30.12,65166.0
1226,1755.0,30.1,65219.0
1227,1754.0,30.08,65272.0
1228,1755.0,30.1,65326.0
1229,1754.0,30.08,65379.0
1230,1756.0,30.12,65432.0
1231,1756.0,30.12,65485.0
1232,1755.0,30.1,65539.0
1233,1756.0,30.12,65592.0
1234,1756.0,30.12,65645.0
1235,1755.0,30.1,65698.0
1236,1756.0,30.12,65752.0
1237,1756.0,30.12,65805.0
1238,1755.0,30.1,65858.0
1239,1755.0,30.1,65911.0
1240,1756.0,30.12,65965.0
1241,1755.0,30.1,66018.0
1242,1756.0,30.12,66071.0
1243,1755.0,30.1,66124.0
1244,1755.0,30.1,66178.0
1245,1755.0,30.1,66231.0
1246,1755.0,30.1,66284.0
1247,1756.0,30.12,66337.0
1248,1756.0,30.12,66391.0
1249,1756.0,30.12,66444.0
1250,1756.0,30.12,66497.0
1251,1756.0,30.12,66550.0
1252,1757.0,30.13,66604.0
1253,1755.0,30.1,66657.0
1254,1756.0,30.12,66710.0
1255,1755.0,30.1,66763.0
1256,1756.0,30.12,66817.0
1257,1755.0,30.1,66870.0
1258,1755.0,30.1,66923.0
1259,1756.0,30.12,66976.0
1260,1755.0,30.1,67030.0
1261,1755.0,30.1,67083.0
1262,1755.0,30.1,67136.0
1263,1755.0,30.1,67189.0
1264,1755.0,30.1,67243.0
1265,1755.0,30.1,67296.0
1266,1755.0,30.1,67349.0
1267,1755.0,30.1,67402.0
1268,1755.0,30.1,67456.0
1269,1755.0,30.1,67509.0
1270,1755.0,30.1,67562.0
1271,1755.0,30.1,67615.0
1272,1754.0,30.08,67668.0
1273,1757.0,30.13,67722.0
1274,1755.0,30.1,67775.0
1275,1755.0,30.1,67828.0
1276,1755.0,30.1,67881.0
1277,1755.0,30.1,67935.0
1278,1755.0,30.1,67988.0
1279,1757.0,30.13,68041.0
1280,1755.0,30.1,68094.0
1281,1755.0,30.1,68148.0
1282,1755.0,30.1,68201.0
1283,1754.0,30.08,68254.0
1284,1755.0,30.1,68307.0
1285,1755.0,30.1,68361.0
1286,1756.0,30.12,68414.0
1287,1756.0,30.12,68467.0
1288,1755.0,30.1,68520.0
1289,1756.0,30.12,68574.0
1290,1755.0,30.1,68627.0
1291,1755.0,30.1,68680.0
1292,1756.0,30.12,68733.0
1293,1755.0,30.1,68787.0
1294,1756.0,30.12,68840.0
1295,1756.0,30.12,68893.0
1296,1755.0,30.1,68946.0
1297,1756.0,30.12,69000.0
1298,1756.0,30.12,69053.0
1299,1756.0,30.12,69106.0
1300,1756.0,30.12,69159.0
1301,1756.0,30.12,69213.0
1302,1756.0,30.12,69266.0
1303,1756.0,30.12,69319.0
1304,1756.0,30.12,69372.0
1305,1756.0,30.12,69426.0
1306,1756.0,30.12,69479.0
1307,1756.0,30.12,69532.0
1308,1756.0,30.12,69585.0
1309,1755.0,30.1,69639.0
1310,1756.0,30.12,69692.0
1311,1756.0,30.12,69745.0
1312,1755.0,30.1,69798.0
1313,1755.0,30.1,69852.0
1314,1755.0,30.1,69905.0
1315,1756.0,30.12,69958.0
1316,1756.0,30.12,70011.0
1317,1755.0,30.1,70065.0
1318,1755.0,30.1,70118.0
1319,1756.0,30.12,70171.0
1320,1756.0,30.12,70224.0
1321,1755.0,30.1,70278.0
1322,1756.0,30.12,70331.0
1323,1755.0,30.1,70384.0
1324,1755.0,30.1,70437.0
1325,1755.0,30.1,70491.0
1326,1755.0,30.1,70544.0
1327,1756.0,30.12,70597.0
1328,1755.0,30.1,70650.0
1329,1755.0,30.1,70704.0
1330,1755.0,30.1,70757.0
1331,1755.0,30.1,70810.0
1332,1755.0,30.1,70863.0
1333,1754.0,30.08,70917.0
1334,1756.0,30.12,70970.0
1335,1754.0,30.08,71023.0
1336,1756.0,30.12,71076.0
1337,1756.0,30.12,71130.0
1338,1755.0,30.1,71183.0
1339,1756.0,30.12,71236.0
1340,1756.0,30.12,71289.0
1341,1756.0,30.12,71343.0
1342,1756.0,30.12,71396.0
1343,1756.0,30.12,71449.0
1344,1756.0,30.12,71502.0
1345,1755.0,30.1,71556.0
1346,1755.0,30.1,71609.0
1347,1755.0,30.1,71662.0
1348,1756.0,30.12,71715.0
1349,1756.0,30.12,71769.0
1350,1755.0,30.1,71822.0
1351,1756.0,30.12,71875.0
1352,1756.0,30.12,71928.0
1353,1756.0,30.12,71982.0
1354,1755.0,30.1,72035.0
1355,1755.0,30.1,72088.0
1356,1756.0,30.12,72141.0
1357,1755.0,30.1,72195.0
1358,1756.0,30.12,72248.0
1359,1756.0,30.12,72301.0
1360,1755.0,30.1,72354.0
1361,1756.0,30.12,72408.0
1362,1756.0,30.12,72461.0
1363,1757.0,30.13,72514.0
1364,1756.0,30.12,72567.0
1365,1755.0,30.1,72621.0
1366,1755.0,30.1,72674.0
1367,1756.0,30.12,72727.0
1368,1756.0,30.12,72780.0
1369,1755.0,30.1,72834.0
1370,1756.0,30.12,72887.0
1371,1757.0,30.13,72940.0
1372,1756.0,30.12,72993.0
1373,1756.0,30.12,73047.0
1374,1755.0,30.1,73100.0
1375,1755.0,30.1,73153.0
1376,1755.0,30.1,73206.0
1377,1755.0,30.1,73260.0
1378,1756.0,30.12,73313.0
1379,1756.0,30.12,73366.0
1380,1756.0,30.12,73419.0
1381,1756.0,30.12,73473.0
1382,1755.0,30.1,73526.0
1383,1756.0,30.12,73579.0
1384,1756.0,30.12,73632.0
1385,1756.0,30.12,73686.0
1386,1754.0,30.08,73739.0
1387,1756.0,30.12,73792.0
1388,1755.0,30.1,73845.0
1389,1756.0,30.12,73899.0
1390,1756.0,30.12,73952.0
1391,1755.0,30.1,74005.0
1392,1756.0,30.12,74058.0
1393,1755.0,30.1,74112.0
1394,1756.0,30.12,74165.0
1395,1756.0,30.12,74218.0
1396,1755.0,30.1,74271.0
1397,1756.0,30.12,74324.0
1398,1756.0,30.12,74378.0
1399,1755.0,30.1,74431.0
1400,1755.0,30.1,74484.0
1401,1756.0,30.12,74537.0
1402,1756.0,30.12,74591.0
1403,1756.0,30.12,74644.0
1404,1756.0,30.12,74697.0
1405,1755.0,30.1,74750.0
1406,1755.0,30.1,74804.0
1407,1755.0,30.1,74857.0
1408,1756.0,30.12,74910.0
1409,1756.0,30.12,74963.0
1410,1756.0,30.12,75017.0
1411,1755.0,30.1,75070.0
1412,1755.0,30.1,75123.0
1413,1756.0,30.12,75176.0
1414,1756.0,30.12,75230.0
1415,1755.0,30.1,75283.0
1416,1756.0,30.12,75336.0
1417,1756.0,30.12,75389.0
1418,1755.0,30.1,75443.0
1419,1755.0,30.1,75496.0
1420,1756.0,30.12,75549.0
1421,1755.0,30.1,75602.0
1422,1755.0,30.1,75656.0
1423,1756.0,30.12,75709.0
1424,1756.0,30.12,75762.0
1425,1755.0,30.1,75815.0
1426,1756.0,30.12,75869.0
1427,1756.0,30.12,75922.0
1428,1755.0,30.1,75975.0
1429,1755.0,30.1,76028.0
1430,1756.0,30.12,76082.0
1431,1755.0,30.1,76135.0
1432,1755.0,30.1,76188.0
1433,1755.0,30.1,76241.0
1434,1755.0,30.1,76295.0
1435,1756.0,30.12,76348.0
1436,1756.0,30.12,76401.0
1437,1756.0,30.12,76454.0
1438,1756.0,30.12,76508.0
1439,1756.0,30.12,76561.0
1440,1756.0,30.12,76614.0
1441,1755.0,30.1,76667.0
1442,1756.0,30.12,76721.0
1443,1756.0,30.12,76774.0
1444,1756.0,30.12,76827.0
1445,1755.0,30.1,76880.0
1446,1755.0,30.1,76934.0
1447,1756.0,30.12,76987.0
1448,1756.0,30.12,77040.0
1449,1755.0,30.1,77093.0
1450,1755.0,30.1,77147.0
1451,1755.0,30.1,77200.0
1452,1755.0,30.1,77253.0
1453,1755.0,30.1,77306.0
1454,1756.0,30.12,77360.0
1455,1756.0,30.12,77413.0
1456,1756.0,30.12,77466.0
1457,1755.0,30.1,77519.0
1458,1755.0,30.1,77573.0
1459,1756.0,30.12,77626.0
1460,1756.0,30.12,77679.0
1461,1756.0,30.12,77732.0
1462,1755.0,30.1,77786.0
1463,1755.0,30.1,77839.0
1464,1755.0,30.1,77892.0
1465,1755.0,30.1,77945.0
1466,1755.0,30.1,77999.0
1467,1755.0,30.1,78052.0
1468,1756.0,30.12,78105.0
1469,1756.0,30.12,78158.0
1470,1755.0,30.1,78212.0
1471,1756.0,30.12,78265.0
1472,1756.0,30.12,78318.0
1473,1755.0,30.1,78371.0
1474,1755.0,30.1,78425.0
1475,1755.0,30.1,78478.0
1476,1756.0,30.12,78531.0
1477,1755.0,30.1,78584.0
1478,1754.0,30.08,78638.0
1479,1755.0,30.1,78691.0
1480,1755.0,30.1,78744.0
1481,1755.0,30.1,78797.0
1482,1756.0,30.12,78851.0
1483,1755.0,30.1,78904.0
1484,1755.0,30.1,78957.0
1485,1756.0,30.12,79010.0
1486,1755.0,30.1,79064.0
1487,1755.0,30.1,79117.0
1488,1755.0,30.1,79170.0
1489,1755.0,30.1,79223.0
1490,1755.0,30.1,79277.0
1491,1756.0,30.12,79330.0
1492,1755.0,30.1,79383.0
1493,1754.0,30.08,79436.0
1494,1755.0,30.1,79490.0
1495,1755.0,30.1,79543.0
1496,1755.0,30.1,79596.0
1497,1756.0,30.12,79649.0
1498,1756.0,30.12,79703.0
1499,1754.0,30.08,79756.0
1500,1755.0,30.1,79809.0
1501,1755.0,30.1,79862.0
1502,1756.0,30.12,79916.0
1503,1755.0,30.1,79969.0
1504,1756.0,30.12,80022.0
1505,1756.0,30.12,80075.0
1506,1755.0,30.1,80129.0
1507,1755.0,30.1,80182.0
1508,1755.0,30.1,80235.0
1509,1755.0,30.1,80288.0
1510,1755.0,30.1,80342.0
1511,1755.0,30.1,80395.0
1512,1756.0,30.12,80448.0
1513,1755.0,30.1,80501.0
1514,1754.0,30.08,80555.0
1515,1755.0,30.1,80608.0
1516,1756.0,30.12,80661.0
1517,1755.0,30.1,80714.0
1518,1755.0,30.1,80768.0
1519,1756.0,30.12,80821.0
1520,1755.0,30.1,80874.0
1521,1755.0,30.1,80927.0
1522,1755.0,30.1,80980.0
1523,1755.0,30.1,81034.0
1524,1755.0,30.1,81087.0
1525,1756.0,30.12,81140.0
1526,1755.0,30.1,81193.0
1527,1755.0,30.1,81247.0
1528,1755.0,30.1,81300.0
1529,1755.0,30.1,81353.0
1530,1755.0,30.1,81406.0
1531,1754.0,30.08,81460.0
1532,1755.0,30.1,81513.0
1533,1755.0,30.1,81566.0
1534,1755.0,30.1,81619.0
1535,1756.0,30.12,81673.0
1536,1755.0,30.1,81726.0
1537,1755.0,30.1,81779.0
1538,1755.0,30.1,81832.0
1539,1756.0,30.12,81886.0
1540,1756.0,30.12,81939.0
1541,1755.0,30.1,81992.0
1542,1755.0,30.1,82045.0
1543,1755.0,30.1,82099.0
1544,1755.0,30.1,82152.0
1545,1754.0,30.08,82205.0
1546,1755.0,30.1,82258.0
1547,1755.0,30.1,82312.0
1548,1755.0,30.1,82365.0
1549,1756.0,30.12,82418.0
1550,1756.0,30.12,82471.0
1551,1755.0,30.1,82525.0
1552,1755.0,30.1,82578.0
1553,1755.0,30.1,82631.0
1554,1755.0,30.1,82684.0
1555,1754.0,30.08,82738.0
1556,1756.0,30.12,82791.0
1557,1755.0,30.1,82844.0
1558,1755.0,30.1,82897.0
1559,1756.0,30.12,82951.0
1560,1755.0,30.1,83004.0
1561,1756.0,30.12,83057.0
1562,1756.0,30.12,83110.0
1563,1756.0,30.12,83164.0
1564,1755.0,30.1,83217.0
1565,1755.0,30.1,83270.0
1566,1756.0,30.12,83323.0
1567,1755.0,30.1,83377.0
1568,1756.0,30.12,83430.0
1569,1756.0,30.12,83483.0
1570,1756.0,30.12,83536.0
1571,1755.0,30.1,83590.0
1572,1756.0,30.12,83643.0
1573,1755.0,30.1,83696.0
1574,1755.0,30.1,83749.0
1575,1755.0,30.1,83803.0
1576,1755.0,30.1,83856.0
1577,1755.0,30.1,83909.0
1578,1755.0,30.1,83962.0
1579,1755.0,30.1,84016.0
1580,1757.0,30.13,84069.0
1581,1754.0,30.08,84122.0
1582,1755.0,30.1,84175.0
1583,1755.0,30.1,84229.0
1584,1758.0,30.15,84282.0
1585,1756.0,30.12,84335.0
1586,1755.0,30.1,84388.0
1587,1756.0,30.12,84442.0
1588,1756.0,30.12,84495.0
1589,1755.0,30.1,84548.0
1590,1755.0,30.1,84601.0
1591,1757.0,30.13,84655.0
1592,1755.0,30.1,84708.0
1593,1755.0,30.1,84761.0
1594,1755.0,30.1,84814.0
1595,1755.0,30.1,84868.0
1596,1755.0,30.1,84921.0
1597,1756.0,30.12,84974.0
1598,1755.0,30.1,85027.0
1599,1755.0,30.1,85081.0
1600,1757.0,30.13,85134.0
1601,1755.0,30.1,85187.0
1602,1755.0,30.1,85240.0
1603,1753.0,30.06,85294.0
1604,1750.0,30.01,85347.0
1605,1749.0,30.0,85400.0
1606,1749.0,30.0,85453.0
1607,1751.0,30.03,85507.0
1608,1748.0,29.98,85560.0
1609,1751.0,30.03,85613.0
1610,1749.0,30.0,85666.0
1611,1750.0,30.01,85720.0
1612,1749.0,30.0,85773.0
1613,1749.0,30.0,85826.0
1614,1749.0,30.0,85879.0
1615,1749.0,30.0,85933.0
1616,1749.0,30.0,85986.0
1617,1749.0,30.0,86039.0
1618,1750.0,30.01,86092.0
1619,1749.0,30.0,86146.0
1620,1750.0,30.01,86199.0
1621,1750.0,30.01,86252.0
1622,1750.0,30.01,86305.0
1623,1749.0,30.0,86359.0
1624,1748.0,29.98,86412.0
1625,1749.0,30.0,86465.0
1626,1749.0,30.0,86518.0
1627,1749.0,30.0,86572.0
1628,1750.0,30.01,86625.0
1629,1750.0,30.01,86678.0
1630,1750.0,30.01,86731.0
1631,1749.0,30.0,86785.0
1632,1750.0,30.01,86838.0
1633,1750.0,30.01,86891.0
1634,1749.0,30.0,86944.0
1635,1750.0,30.01,86998.0
1636,1750.0,30.01,87051.0
1637,1750.0,30.01,87104.0
1638,1749.0,30.0,87157.0
1639,1749.0,30.0,87211.0
1640,1749.0,30.0,87264.0
1641,1749.0,30.0,87317.0
1642,1749.0,30.0,87370.0
1643,1749.0,30.0,87424.0
1644,1749.0,30.0,87477.0
1645,1750.0,30.01,87530.0
1646,1749.0,30.0,87583.0
1647,1749.0,30.0,87636.0
1648,1749.0,30.0,87690.0
1649,1749.0,30.0,87743.0
1650,1748.0,29.98,87796.0
1651,1750.0,30.01,87849.0
1652,1749.0,30.0,87903.0
1653,1750.0,30.01,87956.0
1654,1750.0,30.01,88009.0
1655,1749.0,30.0,88062.0
1656,1749.0,30.0,88116.0
1657,1749.0,30.0,88169.0
1658,1748.0,29.98,88222.0
1659,1749.0,30.0,88275.0
1660,1749.0,30.0,88329.0
1661,1749.0,30.0,88382.0
1662,1750.0,30.01,88435.0
1663,1748.0,29.98,88488.0
1664,1749.0,30.0,88542.0
1665,1749.0,30.0,88595.0
1666,1749.0,30.0,88648.0
1667,1749.0,30.0,88701.0
1668,1750.0,30.01,88755.0
1669,1749.0,30.0,88808.0
1670,1750.0,30.01,88861.0
1671,1749.0,30.0,88914.0
1672,1749.0,30.0,88968.0
1673,1749.0,30.0,89021.0
1674,1750.0,30.01,89074.0
1675,1750.0,30.01,89127.0
1676,1749.0,30.0,89181.0
1677,1749.0,30.0,89234.0
1678,1749.0,30.0,89287.0
1679,1749.0,30.0,89340.0
1680,1748.0,29.98,89394.0
1681,1749.0,30.0,89447.0
1682,1749.0,30.0,89500.0
1683,1749.0,30.0,89553.0
1684,1749.0,30.0,89607.0
1685,1749.0,30.0,89660.0
1686,1748.0,29.98,89713.0
1687,1749.0,30.0,89766.0
1688,1748.0,29.98,89820.0
1689,1749.0,30.0,89873.0
1690,1749.0,30.0,89926.0
1691,1749.0,30.0,89979.0
1692,1750.0,30.01,90033.0
1693,1749.0,30.0,90086.0
1694,1749.0,30.0,90139.0
1695,1748.0,29.98,90192.0
1696,1748.0,29.98,90246.0
1697,1748.0,29.98,90299.0
1698,1749.0,30.0,90352.0
